区市町村名,学校名,科名・部,募集区分,募集人員（男女問わず）(A),最終応募人員／男,最終応募人員／女,最終応募人員／計,受検人員(B)／男,受検人員(B)／女,受検人員(B)／計,受検倍率(B/A)
港,六本木,総合学科１～３部,１学年相当,140,124,155,279,115,151,266,1.90
港,六本木,総合学科１～３部,２学年相当以上,15,3,2,5,3,2,5,0.33
港,六本木,総合学科１～３部,計,155,127,157,284,118,153,271,1.75
江東,大江戸,総合学科１～３部,１学年相当,140,163,139,302,160,132,292,2.09
江東,大江戸,総合学科１～３部,２学年相当以上,15,5,1,6,5,1,6,0.40
江東,大江戸,総合学科１～３部,計,155,168,140,308,165,133,298,1.92
世田谷,世田谷泉,総合学科１～３部,１学年相当,170,125,134,259,120,129,249,1.46
世田谷,世田谷泉,総合学科１～３部,２学年相当以上,15,2,1,3,2,1,3,0.20
世田谷,世田谷泉,総合学科１～３部,計,185,127,135,262,122,130,252,1.36
中野,稔ヶ丘,総合学科１～３部,１学年相当,200,196,137,333,191,134,325,1.63
中野,稔ヶ丘,総合学科１～３部,２学年相当以上,15,3,2,5,3,2,5,0.33
中野,稔ヶ丘,総合学科１～３部,計,215,199,139,338,194,136,330,1.53
北,桐ヶ丘,総合学科１～３部,１学年相当,140,93,93,186,89,90,179,1.28
北,桐ヶ丘,総合学科１～３部,２学年相当以上,15,1,2,3,1,2,3,0.20
北,桐ヶ丘,総合学科１～３部,計,155,94,95,189,90,92,182,1.17
八王子,八王子拓真,普通科１・２部,１学年相当,60,44,36,80,44,33,77,1.28
八王子,八王子拓真,普通科１・２部,計,60,44,36,80,44,33,77,1.28
チャレンジスクール及びチャレンジ枠計,,,１学年相当計,850,745,694,1439,719,669,1388,1.63
チャレンジスクール及びチャレンジ枠計,,,２学年相当以上計,75,14,8,22,14,8,22,0.29
チャレンジスクール及びチャレンジ枠計,,,計,925,759,702,1461,733,677,1410,1.52
世田谷,世田谷ｩ�上◎縺ｮ莉厄ｼ城桶縺輔＞�亥鴻t��,迚ｹ蛻･邂｡逅�肇讌ｭ蟒�｣�黄�冗音螳壽怏螳ｳ蟒�｣�黄�上◎縺ｮ莉厄ｼ冗㏍縺域ｮｻ�亥鴻t��,迚ｹ蛻･邂｡逅�肇讌ｭ蟒�｣�黄�冗音螳壽怏螳ｳ蟒�｣�黄�上◎縺ｮ莉厄ｼ上�縺�§繧難ｼ亥鴻t��,迚ｹ蛻･邂｡逅�肇讌ｭ蟒�｣�黄�冗音螳壽怏螳ｳ蟒�｣�黄�上◎縺ｮ莉厄ｼ丞ｻ�ｲｹ�亥鴻t��,迚ｹ蛻･邂｡逅�肇讌ｭ蟒�｣�黄�冗音螳壽怏螳ｳ蟒�｣�黄�上◎縺ｮ莉厄ｼ乗ｱ壽ｳ･�亥鴻t��,迚ｹ蛻･邂｡逅�肇讌ｭ蟒�｣�黄�冗音螳壽怏螳ｳ蟒�｣�黄�上◎縺ｮ莉厄ｼ丞ｻ���亥鴻t��,迚ｹ蛻･邂｡逅�肇讌ｭ蟒�｣�黄�冗音螳壽怏螳ｳ蟒�｣�黄�上◎縺ｮ莉厄ｼ丞ｻ�い繝ｫ繧ｫ繝ｪ�亥鴻t��,迚ｹ蛻･邂｡逅�肇讌ｭ蟒�｣�黄�冗音螳壽怏螳ｳ蟒�｣�黄�上◎縺ｮ莉厄ｼ丞ｻ�ｰｴ驫�遲会ｼ亥鴻t��
蜷郁ｨ�,26,0,7,0,0,0,7,3,0,0,8,0,6,2,0,0,0,0,0,0,0,0,0,0,0,0,0,0,0,0,0,0,0,0,0,0,0,0,0,0,0,0,0,0,0,0,0,0,0
蛹玲ｵｷ驕�,0,0,0,0,0,0,0,0,0,0,0,0,0,0,0,0,0,0,0,0,0,0,0,0,0,0,0,0,0,0,0,0,0,0,0,0,0,0,0,0,0,0,0,0,0,0,0,0,0
髱呈｣ｮ逵�,0,0,0,0,0,0,0,0,0,0,0,0,0,0,0,0,0,0,0,0,0,0,0,0,0,0,0,0,0,0,0,0,0,0,0,0,0,0,0,0,0,0,0,0,0,0,0,0,0
蟯ｩ謇狗恁,0,0,0,0,0,0,0,0,0,0,0,0,0,0,0,0,0,0,0,0,0,0,0,0,0,0,0,0,0,0,0,0,0,0,0,0,0,0,0,0,0,0,0,0,0,0,0,0,0
螳ｮ蝓守恁,0,0,0,0,0,0,0,0,0,0,0,0,0,0,0,0,0,0,0,0,0,0,0,0,0,0,0,0,0,0,0,0,0,0,0,0,0,0,0,0,0,0,0,0,0,0,0,0,0
遘狗伐逵�,0,0,0,0,0,0,0,0,0,0,0,0,0,0,0,0,0,0,0,0,0,0,0,0,0,0,0,0,0,0,0,0,0,0,0,0,0,0,0,0,0,0,0,0,0,0,0,0,0
螻ｱ蠖｢逵�,0,0,0,0,0,0,0,0,0,0,0,0,0,0,0,0,0,0,0,0,0,0,0,0,0,0,0,0,0,0,0,0,0,0,0,0,0,0,0,0,0,0,0,0,0,0,0,0,0
遖丞ｳｶ逵�,0,0,0,0,0,0,0,0,0,0,0,0,0,0,0,0,0,0,0,0,0,0,0,0,0,0,0,0,0,0,0,0,0,0,0,0,0,0,0,0,0,0,0,0,0,0,0,0,0
闌ｨ蝓守恁,0,0,0,0,0,0,0,0,0,0,0,0,0,0,0,0,0,0,0,0,0,0,0,0,0,0,0,0,0,0,0,0,0,0,0,0,0,0,0,0,0,0,0,0,0,0,0,0,0
譬�惠逵�,0,0,0,0,0,0,0,0,0,0,0,0,0,0,0,0,0,0,0,0,0,0,0,0,0,0,0,0,0,0,0,0,0,0,0,0,0,0,0,0,0,0,0,0,0,0,0,0,0
鄒､鬥ｬ逵�,0,0,0,0,0,0,0,0,0,0,0,0,0,0,0,0,0,0,0,0,0,0,0,0,0,0,0,0,0,0,0,0,0,0,0,0,0,0,0,0,0,0,0,0,0,0,0,0,0
蝓ｼ邇臥恁,2,0,1,0,0,0,1,0,0,0,1,0,0,0,0,0,0,0,0,0,0,0,0,0,0,0,0,0,0,0,0,0,0,0,0,0,0,0,0,0,0,0,0,0,0,0,0,0,0
蜊�痩逵�,1,0,0,0,0,0,0,0,0,0,1,0,0,0,0,0,0,0,0,0,0,0,0,0,0,0,0,0,0,0,0,0,0,0,0,0,0,0,0,0,0,0,0,0,0,0,0,0,0
譚ｱ莠ｬ驛ｽ,20,0,5,0,0,0,5,3,0,0,5,0,5,2,0,0,0,0,0,0,0,0,0,0,0,0,0,0,0,0,0,0,0,0,0,0,0,0,0,0,0,0,0,0,0,0,0,0,0
逾槫･亥ｷ晉恁,3,0,1,0,0,0,1,0,0,0,1,0,1,0,0,0,0,0,0,0,0,0,0,0,0,0,0,0,0,0,0,0,0,0,0,0,0,0,0,0,0,0,0,0,0,0,0,0,0
譁ｰ貎溽恁,0,0,0,0,0,0,0,0,0,0,0,0,0,0,0,0,0,0,0,0,0,0,0,0,0,0,0,0,0,0,0,0,0,0,0,0,0,0,0,0,0,0,0,0,0,0,0,0,0
蟇悟ｱｱ逵�,0,0,0,0,0,0,0,0,0,0,0,0,0,0,0,0,0,0,0,0,0,0,0,0,0,0,0,0,0,0,0,0,0,0,0,0,0,0,0,0,0,0,0,0,0,0,0,0,0
遏ｳ蟾晉恁,0,0,0,0,0,0,0,0,0,0,0,0,0,0,0,0,0,0,0,0,0,0,0,0,0,0,0,0,0,0,0,0,0,0,0,0,0,0,0,0,0,0,0,0,0,0,0,0,0
遖丈ｺ慕恁,0,0,0,0,0,0,0,0,0,0,0,0,0,0,0,0,0,0,0,0,0,0,0,0,0,0,0,0,0,0,0,0,0,0,0,0,0,0,0,0,0,0,0,0,0,0,0,0,0
螻ｱ譴ｨ逵�,0,0,0,0,0,0,0,0,0,0,0,0,0,0,0,0,0,0,0,0,0,0,0,0,0,0,0,0,0,0,0,0,0,0,0,0,0,0,0,0,0,0,0,0,0,0,0,0,0
髟ｷ驥守恁,0,0,0,0,0,0,0,0,0,0,0,0,0,0,0,0,0,0,0,0,0,0,0,0,0,0,0,0,0,0,0,0,0,0,0,0,0,0,0,0,0,0,0,0,0,0,0,0,0
蟯宣�逵�,0,0,0,0,0,0,0,0,0,0,0,0,0,0,0,0,0,0,0,0,0,0,0,0,0,0,0,0,0,0,0,0,0,0,0,0,0,0,0,0,0,0,0,0,0,0,0,0,0
髱吝ｲ｡逵�,0,0,0,0,0,0,0,0,0,0,0,0,0,0,0,0,0,0,0,0,0,0,0,0,0,0,0,0,0,0,0,0,0,0,0,0,0,0,0,0,0,0,0,0,0,0,0,0,0
諢帷衍逵�,0,0,0,0,0,0,0,0,0,0,0,0,0,0,0,0,0,0,0,0,0,0,0,0,0,0,0,0,0,0,0,0,0,0,0,0,0,0,0,0,0,0,0,0,0,0,0,0,0
荳蛾㍾逵�,0,0,0,0,0,0,0,0,0,0,0,0,0,0,0,0,0,0,0,0,0,0,0,0,0,0,0,0,0,0,0,0,0,0,0,0,0,0,0,0,0,0,0,0,0,0,0,0,0
貊玖ｳ�逵�,0,0,0,0,0,0,0,0,0,0,0,0,0,0,0,0,0,0,0,0,0,0,0,0,0,0,0,0,0,0,0,0,0,0,0,0,0,0,0,0,0,0,0,0,0,0,0,0,0
莠ｬ驛ｽ蠎�,0,0,0,0,0,0,0,0,0,0,0,0,0,0,0,0,0,0,0,0,0,0,0,0,0,0,0,0,0,0,0,0,0,0,0,0,0,0,0,0,0,0,0,0,0,0,0,0,0
螟ｧ髦ｪ蠎�,0,0,0,0,0,0,0,0,0,0,0,0,0,0,0,0,0,0,0,0,0,0,0,0,0,0,0,0,0,0,0,0,0,0,0,0,0,0,0,0,0,0,0,0,0,0,0,0,0
蜈ｵ蠎ｫ逵�,0,0,0,0,0,0,0,0,0,0,0,0,0,0,0,0,0,0,0,0,0,0,0,0,0,0,0,0,0,0,0,0,0,0,0,0,0,0,0,0,0,0,0,0,0,0,0,0,0
螂郁憶逵�,0,0,0,0,0,0,0,0,0,0,0,0,0,0,0,0,0,0,0,0,0,0,0,0,0,0,0,0,0,0,0,0,0,0,0,0,0,0,0,0,0,0,0,0,0,0,0,0,0
蜥梧ｭ悟ｱｱ逵�,0,0,0,0,0,0,0,0,0,0,0,0,0,0,0,0,0,0,0,0,0,0,0,0,0,0,0,0,0,0,0,0,0,0,0,0,0,0,0,0,0,0,0,0,0,0,0,0,0
魑･蜿也恁,0,0,0,0,0,0,0,0,0,0,0,0,0,0,0,0,0,0,0,0,0,0,0,0,0,0,0,0,0,0,0,0,0,0,0,0,0,0,0,0,0,0,0,0,0,0,0,0,0
蟲ｶ譬ｹ逵�,0,0,0,0,0,0,0,0,0,0,0,0,0,0,0,0,0,0,0,0,0,0,0,0,0,0,0,0,0,0,0,0,0,0,0,0,0,0,0,0,0,0,0,0,0,0,0,0,0
蟯｡螻ｱ逵�,0,0,0,0,0,0,0,0,0,0,0,0,0,0,0,0,0,0,0,0,0,0,0,0,0,0,0,0,0,0,0,0,0,0,0,0,0,0,0,0,0,0,0,0,0,0,0,0,0
蠎�ｳｶ逵�,0,0,0,0,0,0,0,0,0,0,0,0,0,0,0,0,0,0,0,0,0,0,0,0,0,0,0,0,0,0,0,0,0,0,0,0,0,0,0,0,0,0,0,0,0,0,0,0,0
螻ｱ蜿｣逵�,0,0,0,0,0,0,0,0,0,0,0,0,0,0,0,0,0,0,0,0,0,0,0,0,0,0,0,0,0,0,0,0,0,0,0,0,0,0,0,0,0,0,0,0,0,0,0,0,0
蠕ｳ蟲ｶ逵�,0,0,0,0,0,0,0,0,0,0,0,0,0,0,0,0,0,0,0,0,0,0,0,0,0,0,0,0,0,0,0,0,0,0,0,0,0,0,0,0,0,0,0,0,0,0,0,0,0
鬥吝ｷ晉恁,0,0,0,0,0,0,0,0,0,0,0,0,0,0,0,0,0,0,0,0,0,0,0,0,0,0,0,0,0,0,0,0,0,0,0,0,0,0,0,0,0,0,0,0,0,0,0,0,0
諢帛ｪ帷恁,0,0,0,0,0,0,0,0,0,0,0,0,0,0,0,0,0,0,0,0,0,0,0,0,0,0,0,0,0,0,0,0,0,0,0,0,0,0,0,0,0,0,0,0,0,0,0,0,0
鬮倡衍逵�,0,0,0,0,0,0,0,0,0,0,0,0,0,0,0,0,0,0,0,0,0,0,0,0,0,0,0,0,0,0,0,0,0,0,0,0,0,0,0,0,0,0,0,0,0,0,0,0,0
遖丞ｲ｡逵�,0,0,0,0,0,0,0,0,0,0,0,0,0,0,0,0,0,0,0,0,0,0,0,0,0,0,0,0,0,0,0,0,0,0,0,0,0,0,0,0,0,0,0,0,0,0,0,0,0
菴占ｳ�逵�,0,0,0,0,0,0,0,0,0,0,0,0,0,0,0,0,0,0,0,0,0,0,0,0,0,0,0,0,0,0,0,0,0,0,0,0,0,0,0,0,0,0,0,0,0,0,0,0,0
髟ｷ蟠守恁,0,0,0,0,0,0,0,0,0,0,0,0,0,0,0,0,0,0,0,0,0,0,0,0,0,0,0,0,0,0,0,0,0,0,0,0,0,0,0,0,0,0,0,0,0,0,0,0,0
辭頑悽逵�,0,0,0,0,0,0,0,0,0,0,0,0,0,0,0,0,0,0,0,0,0,0,0,0,0,0,0,0,0,0,0,0,0,0,0,0,0,0,0,0,0,0,0,0,0,0,0,0,0
螟ｧ蛻�恁,0,0,0,0,0,0,0,0,0,0,0,0,0,0,0,0,0,0,0,0,0,0,0,0,0,0,0,0,0,0,0,0,0,0,0,0,0,0,0,0,0,0,0,0,0,0,0,0,0
螳ｮ蟠守恁,0,0,0,0,0,0,0,0,0,0,0,0,0,0,0,0,0,0,0,0,0,0,0,0,0,0,0,0,0,0,0,0,0,0,0,0,0,0,0,0,0,0,0,0,0,0,0,0,0
鮖ｿ蜈仙ｳｶ逵�,0,0,0,0,0,0,0,0,0,0,0,0,0,0,0,0,0,0,0,0,0,0,0,0,0,0,0,0,0,0,0,0,0,0,0,0,0,0,0,0,0,0,0,0,0,0,0,0,0
豐也ｸ�恁,0,0,0,0,0,0,0,0,0,0,0,0,0,0,0,0,0,0,0,0,0,0,0,0,0,0,0,0,0,0,0,0,0,0,0,0,0,0,0,0,0,0,0,0,0,0,0,0,0
蛹玲ｵｷ驕�,0,0,0,0,0,0,0,0,0,0,0,0,0,0,0,0,0,0,0,0,0,0,0,0,0,0,0,0,0,0,0,0,0,0,0,0,0,0,0,0,0,0,0,0,0,0,0,0,0
譚ｱ蛹�,0,0,0,0,0,0,0,0,0,0,0,0,0,0,0,0,0,0,0,0,0,0,0,0,0,0,0,0,0,0,0,0,0,0,0,0,0,0,0,0,0,0,0,0,0,0,0,0,0
髢｢譚ｱ,26,0,7,0,0,0,7,3,0,0,8,0,6,2,0,0,0,0,0,0,0,0,0,0,0,0,0,0,0,0,0,0,0,0,0,0,0,0,0,0,0,0,0,0,0,0,0,0,0
逕ｲ菫｡雜�,0,0,0,0,0,0,0,0,0,0,0,0,0,0,0,0,0,0,0,0,0,0,0,0,0,0,0,0,0,0,0,0,0,0,0,0,0,0,0,0,0,0,0,0,0,0,0,0,0
譚ｱ豬ｷ繝ｻ荳ｭ驛ｨ,0,0,0,0,0,0,0,0,0,0,0,0,0,0,0,0,0,0,0,0,0,0,0,0,0,0,0,0,0,0,0,0,0,0,0,0,0,0,0,0,0,0,0,0,0,0,0,0,0
霑醍柄,0,0,0,0,0,0,0,0,0,0,0,0,0,0,0,0,0,0,0,0,0,0,0,0,0,0,0,0,0,0,0,0,0,0,0,0,0,0,0,0,0,0,0,0,0,0,0,0,0
荳ｭ蝗ｽ繝ｻ蝗帛嵜,0,0,0,0,0,0,0,0,0,0,0,0,0,0,0,0,0,0,0,0,0,0,0,0,0,0,0,0,0,0,0,0,0,0,0,0,0,0,0,0,0,0,0,0,0,0,0,0,0
荵晏ｷ槭�豐也ｸ�,0,0,0,0,0,0,0,0,0,0,0,0,0,0,0,0,0,0,0,0,0,0,0,0,0,0,0,0,0,0,0,0,0,0,0,0,0,0,0,0,0,0,0,0,0,0,0,0,0
  ��������       ﾞX�+｡|;ｿ<�mvw Lﾟｭ   
        dﾖ掎  
       ﾞｲ哥橆             ��             Q;､u  ��������       ﾞX�+｡|;ｿ<�mvw Lﾟｭ   
       �aﾖ掎  
        蛭ﾋ#Wｾ�              ;､u         Q;､u  ��������       ﾞX�+｡|;ｿ<�mvw Lﾟｭ          �黴u         bｳ9ｪ辰ｻ        ｯﾗ         ;､u         Q;､u  ��������       ﾞX�+｡|;ｿ<�mvw       P黴u         磆V����      ��:ﾇ H �             �mﾅ            Q;､u                 �X�+｡|;ｿ<�mvw Lﾟｭ          ��е         '$帯�ﾓ"             ��             Q;､u                 �X�+｡|;ｿ<�mvw Lﾟｭ   
       ﾀmﾖ掎  
       ｵ枡F�&�             �	              Q;､u                 �X�+｡|;ｿ<�mvw Lﾟｭ   
       潴ﾖ掎  
       (B祥vﾊﾄ�              j;､u         Q;､u                 �X�+｡|;ｿ<�mvw Lﾟｭ          ﾀ㌧е         r酌o橳       ｺﾗ         j;､u         Q;､u                 �X�+｡|;ｿ<�mvw       `�е         .8ﾗﾑXcN        q〃ﾇ I �             �bﾅ            Q;､u                 ﾜX�+｡|;ｿ<�mvw Lﾟｭ          �黴u         管�o4ｰ             ��             Q;､u                 ﾜX�+｡|;ｿ<�mvw Lﾟｭ   
       �hﾖ掎  
       囂X~焄6ｺ             ��             Q;､u                 ﾜX�+｡|;ｿ<�mvw Lﾟｭ   
       @hﾖ掎  
       �iｻ[ﾃ              ;､u         Q;､u  ��������       ﾜX�+｡|;ｿ<�mvw Lﾟｭ          0黴u         ﾎ$G靑�       ﾀ｣ﾗ         ;､u         Q;､u  ��������       ﾜX�+｡|;ｿ<�mvw       �黴u         �ｷ佯ｴ      �M〉ﾇ J �             �fﾅ            Q;､u                 �X�+｡|;ｿ<�mvw Lﾟｭ          0Qﾀ�         眉x�ﾓc             ��             Q;､u                 �X�+｡|;ｿ<�mvw Lﾟｭ   
       瀉ﾖ掎  
       鋕oﾌ_ﾟ@             �ﾒ             Q;､u                 �X�+｡|;ｿ<�mvw Lﾟｭ   
       ﾀhﾖ掎  
       9��l~�              ﾀi;､u         Q;､u                 �X�+｡|;ｿ<�mvw Lﾟｭ          ﾐ黴u         f�ﾌ�ｵR       牴ﾗ         ﾀi;､u         Q;､u                 �X�+｡|;ｿ<�mvw       ｰ.j�         ｪ嬢\�Nﾔ      �ｩ℃ﾇ K �             �pﾅ            Q;､u                 �X�+｡|;ｿ<�mvw Lﾟｭ          P�е         疂ｼ講ｲg             ��             Q;､u                 �X�+｡|;ｿ<�mvw Lﾟｭ   
       @jﾖ掎  
       ｴ�0�bu�             �n             Q;､u                 �X�+｡|;ｿ<�mvw Lﾟｭ   
       ﾀjﾖ掎  
       �ﾘ6�ﾕi              0i;､u         Q;､u  ��������       �X�+｡|;ｿ<�mvw Lﾟｭ          @㌧е         m"匁瑕T       ﾗ         0i;､u         Q;､u  ��������       �X�+｡|;ｿ<�mvw       ﾀ�е         ~1犬B┗*ﾀｾ  �ｪﾇ L �             �rﾅ            Q;､u                 �X�+｡|;ｿ<�mvw Lﾟｭ          dе         ﾗ澹ﾒﾕcｯC             ��             Q;､u                 �X�+｡|;ｿ<�mvw Lﾟｭ   
        mﾖ掎  
       Zﾒ�/�歡             �              Q;､u                 �X�+｡|;ｿ<�mvw Lﾟｭ   
       �kﾖ掎  
       ﾓ澵岳e"8              Pj;､u         Q;､u                 �X�+｡|;ｿ<�mvw Lﾟｭ          �㌧е         襴-�ぉ�       犢ﾗ         Pj;､u         Q;､u                 �X�+｡|;ｿ<�mvw       dе         ｾ芯v殯      �瘁ﾆﾇ M �             �sﾅ            Q;､u                 �X�+｡|;ｿ<�mvw Lﾟｭ          ﾐ�е         ｮm7ﾑPﾌ�             ��             Q;､u                 �X�+｡|;ｿ<�mvw Lﾟｭ   
        jﾖ掎  
       Fx.[(ｳｽ             ��             Q;､u                 �X�+｡|;ｿ<�mvw Lﾟｭ   
       �nﾖ掎  
       _ｮ典]��              Pi;､u         Q;､u                 �X�+｡|;ｿ<�mvw Lﾟｭ          �嬰е         酌ﾇ-@       @ｧﾗ         Pi;､u         Q;､u                 �X�+｡|;ｿ<�mvw       `嬰е         ､ｿﾏﾂｳ      �=�簓 N �             �uﾅ            Q;､u  ��������       X�+｡|;ｿ<�mvw Lﾟｭ          @嬰е         （0.m7?             ��             Q;､u  ��������       X�+｡|;ｿ<�mvw Lﾟｭ   
       �mﾖ掎  
       ｿM{|ﾞ             �v             Q;､u  ��������       X�+｡|;ｿ<�mvw Lﾟｭ   
       ﾀnﾖ掎  
       枳b`↓              `j;､u         Q;､u                 X�+｡|;ｿ<�mvw Lﾟｭ           ㌧е         ﾟ?ﾘｧwG_�       ﾗ         `j;､u         Q;､u                 X�+｡|;ｿ<�mvw       ｰ�е         �=rﾊ�ｾ      ��>ﾆ O �             �}ﾅ            Q;､u  ��������       X�+｡|;ｿ<�mvw Lﾟｭ          衰dе         ｵOﾝﾍ��             ��             Q;､u  ��������       X�+｡|;ｿ<�mvw Lﾟｭ   
        lﾖ掎  
       s�｣�ﾁ}w             �"             Q;､u  ��������       X�+｡|;ｿ<�mvw Lﾟｭ   
       �iﾖ掎  
       ｱ)Uｱﾌﾙﾄ              k;､u         Q;､u                 X�+｡|;ｿ<�mvw Lﾟｭ           嚇е         ｬyﾈ啝黑       0ｹﾗ         k;､u         Q;､u                 X�+｡|;ｿ<�mvw       `慧е         >8 ｫﾉ�o��������u�ZﾆP �             �~ﾅ            Q;､u                 X�+｡|;ｿ<�mvw Lﾟｭ           嚇е         ﾈv�4ｬ⑰ﾁ             ��             Q;､u                 X�+｡|;ｿ<�mvw Lﾟｭ   
       @lﾖ掎  
       ﾒ府	澑�             �0             Q;､u                 X�+｡|;ｿ<�mvw Lﾟｭ   
        jﾖ掎  
       0�､ｹﾐ              0k;､u         Q;､u                 X�+｡|;ｿ<�mvw Lﾟｭ          0硬е         ﾌ{`蘓�       pｩﾗ         0k;､u         Q;､u                 X�+｡|;ｿ<�mvw       煖dе         �ﾆ､ﾝ�7�      �Q�vﾆ Q �             ��            Q;､u                 X�+｡|;ｿ<�mvw Lﾟｭ          @硬е         {A礬{ｻ�             ��             Q;､u                 X�+｡|;ｿ<�mvw Lﾟｭ   
       @mﾖ掎  
       ﾍﾊﾎ�T}�             ��              Q;､u                 X�+｡|;ｿ<�mvw Lﾟｭ   
       �lﾖ掎  
       ｼP�O鍰�              Pk;､u         Q;､u                 X�+｡|;ｿ<�mvw Lﾟｭ          0掬е         *CｺP←8ｬ        ｢ﾗ         Pk;､u         Q;､u                 X�+｡|;ｿ<�mvw       @嚇е         Roﾄ|�f      �ｭ�槌 R �             ��            Q;､u                  X�+｡|;ｿ<�mvw Lﾟｭ          ｰ慧е         超聰hﾟﾞ�             ��             Q;､u                  X�+｡|;ｿ<�mvw Lﾟｭ   
       振]�  
       蘖aZﾘ�?ｻ             �"             Q;､u                  X�+｡|;ｿ<�mvw Lﾟｭ   
       ]�  
       �ﾎ�潰ｻﾃ              震;､u         Q;､u                  X�+｡|;ｿ<�mvw Lﾟｭ          P嚇е         翹*KKi|�        ｾﾗ         震;､u         Q;､u                  X�+｡|;ｿ<�mvw       �硬е         �jｭh ｾ  園ｮﾆ S �             �嫁            Q;､u                 *X�+｡|;ｿ<�mvw Lﾟｭ          �嚇е         O渮Xﾂ;             ��             Q;､u                 *X�+｡|;ｿ<�mvw Lﾟｭ   
       ﾐQ]�  
       陬処�ﾊﾌ�             �	             Q;､u                 *X�+｡|;ｿ<�mvw Lﾟｭ   
       T]�  
       ﾔ��.�,�              �k;､u         Q;､u                 *X�+｡|;ｿ<�mvw Lﾟｭ          ﾀ慧е         済ﾊ)nQ�       狎ﾗ         �k;､u         Q;､u                 *X�+｡|;ｿ<�mvw        慧е         ﾆ軟｣N�-�      �蛟ﾊﾆ T �             �固            Q;､u  ��������       0X�+｡|;ｿ<�mvw Lﾟｭ          p慧е         ﾃﾆ(�	У�             ��             Q;､u  ��������       0X�+｡|;ｿ<�mvw Lﾟｭ   
       ﾐU]�  
       lPv,&ﾛ@T             �             Q;､u  ��������       0X�+｡|;ｿ<�mvw Lﾟｭ   
       U]�  
       � �Vﾏ州              ﾐk;､u         Q;､u                 0X�+｡|;ｿ<�mvw Lﾟｭ          dе         ﾊs1ﾁ        厄u         ﾐk;､u         Q;､u                 0X�+｡|;ｿ<�mvw       P慧е         夋TNﾓzm      �ﾁ�貳 U �             ��            Q;､u                 "X�+｡|;ｿ<�mvw Lﾟｭ          `掬е         ｲeCﾞｳ�             ��             Q;､u                 "X�+｡|