区市町村名/登録者数,今回（平成29年6月1日現在）(A)計,今回（平成29年6月3日現在）男内訳,今回（平成29年6月2日現在）女内訳,前回（平成29年3月2日現在）(B)計,前回（平成29年3月2日現在）男内訳,前回（平成29年3月2日現在）女内訳,増（△）減(A-B)
総数,11239868,5513380,5726488,11228847,5508531,5720316,11021
区部,7715473,3777574,3937899,7706822,3773807,3933015,8651
市部,3453173,1699902,1753271,3450705,1698795,1751910,2468
町村部,71222,35904,35318,71320,35929,35391,△98
郡部,48974,24508,24466,49047,24547,24500,△73
島部,22248,11396,10852,22273,11382,10891,△25
区部,7715473,3777574,3937899,7706822,3773807,3933015,8651
千代田区,48979,24409,24570,48808,24311,24497,171
中央区,124636,58737,65899,123041,57927,65114,1595
港区,197722,90712,107010,196922,90392,106530,800
新宿区,267027,133382,133645,267087,133385,133702,△60
文京区,176542,83071,93471,176259,82782,93387,283
台東区,160230,82351,77879,159598,82077,77521,632
墨田区,222470,110866,111604,222142,110726,111416,328
江東区,410073,202503,207570,409815,202461,207354,258
品川区,323581,157890,165691,323393,157790,165603,188
目黒区,233223,108528,124695,232758,108358,124400,465
大田区,604753,301237,303516,604278,301131,303147,475
世田谷区,754111,352745,401366,753409,352498,400911,702
渋谷区,188738,89411,99327,188546,89226,99320,192
中野区,278138,139982,138156,278003,139881,138122,135
杉並区,479438,227964,251474,478953,227711,251242,485
豊島区,230616,116038,114578,230309,115866,114443,307
北区,286855,141873,144982,286654,141835,144819,201
荒川区,168413,83870,84543,168488,83946,84542,△75
板橋区,464071,228410,235661,464174,228505,235669,△103
練馬区,604199,293028,311171,603706,292794,310912,493
足立区,559900,281353,278547,559602,281221,278381,298
葛飾区,376216,187823,188393,375877,187657,188220,339
江戸川区,555542,281391,274151,555000,281237,273763,542
市部,3453173,1699902,1753271,3450705,1698795,1751910,2468
八王子市,469874,234721,235153,469825,234710,235115,49
立川市,151463,75278,76185,151314,75197,76117,149
武蔵野市,122145,57850,64295,122038,57786,64252,107
三鷹市,154861,75263,79598,154696,75103,79593,165
青梅市,115095,57721,57374,115167,57754,57413,△72
府中市,212518,107223,105295,212608,107357,105251,△90
昭島市,93520,46551,46969,93585,46578,47007,△65
調布市,192590,93794,98796,192125,93594,98531,465
町田市,356199,173357,182842,355570,173063,182507,629
小金井市,100229,49243,50986,100160,49201,50959,69
小平市,156227,76462,79765,156054,76352,79702,173
日野市,152725,76594,76131,152554,76520,76034,171
東村山市,126053,61186,64867,126090,61219,64871,△37
国分寺市,101634,49850,51784,101384,49767,51617,250
国立市,63575,30860,32715,63523,30817,32706,52
福生市,47758,23874,23884,47839,23968,23871,△81
狛江市,68832,33142,35690,68791,33130,35661,41
東大和市,71172,35084,36088,71202,35099,36103,△30
清瀬市,62110,29713,32397,62058,29687,32371,52
東久留米市,97833,47534,50299,97757,47525,50232,76
武蔵村山市,58438,29241,29197,58438,29245,29193,0
多摩市,125181,61057,64124,125110,61016,64094,71
稲城市,72179,36289,35890,71939,36146,35793,240
羽村市,46330,23619,22711,46362,23625,22737,△32
あきる野市,67805,33707,34098,67739,33624,34115,66
西東京市,166827,80689,86138,166777,80712,86065,50
町村部,71222,35904,35318,71320,35929,35391,△98
郡部,48974,24508,24466,49047,24547,24500,△73
瑞穂町,28004,14218,13786,28047,14242,13805,△43
日の出町,14099,6878,7221,14104,6882,7222,△5
檜原町,2083,1047,1036,2087,1048,1039,△4
奥多摩町,4788,2365,2423,4809,2375,2434,△21
島部,22248,11396,10852,22273,11382,10891,△25
大島支庁計,10959,5504,5455,10963,5484,5479,△4
大島町,6762,3419,3343,6760,3409,3351,2
利島村,257,138,119,260,138,122,△3
新島村,2372,1149,1223,2380,1146,1234,△8
神津島村,1568,798,770,1563,791,772,5
三宅支庁計,2527,1369,1158,2533,1366,1167,△6
三宅村,2281,1239,1042,2283,1234,1049,△2
御蔵島村,246,130,116,250,132,118,△4
八丈支庁計,6658,3337,3321,6668,3345,3323,△10
八丈町,6521,3257,3264,6527,3262,3265,△6
青ヶ島村,137,80,57,141,83,58,△4
小笠原支庁計,2104,1186,918,2109,1187,922,△5
小笠原村,2104,1186,918,2109,1187,922,△5
ｼ�(<8.0)��(<7.0),窶�,荳肴､懷� ��(<6.6)��(<7.5),荳肴､懷� ��(<6.7)��(<6.2),窶�,
8,隧ｦ譁呎治蜿匁律,隨ｬ荳�謗呈ｰｴ蜃ｦ逅��ｴ蜃ｦ逅�ｰｴ(1)��q/L��,隨ｬ荳画賜豌ｴ蜃ｦ逅��ｴ蜃ｦ逅�ｰｴ(2)��q/L��,隨ｬ荳�謗呈ｰｴ蜃ｦ逅��ｴ閼ｱ豌ｴ豎壽ｳ･(3)��q/kg��,隨ｬ荳画賜豌ｴ蜃ｦ逅��ｴ閼ｱ豌ｴ豎壽ｳ･(4)��q/kg��,螟門�11蜿ｷ繝昴Φ繝嶺ｺ墓ｵｸ蜃ｺ豸ｲ(5)��q/L��,螟門�20蜿ｷ繝昴Φ繝嶺ｺ墓ｵｸ蜃ｺ豸ｲ(6)��q/L��,B�鯉ｾ橸ｾ幢ｽｯ�ｸB1繝昴Φ繝嶺ｺ墓ｵｸ蜃ｺ豸ｲ(7)��q/L��,B�鯉ｾ橸ｾ幢ｽｯ�ｸB2繝昴Φ繝嶺ｺ墓ｵｸ蜃ｺ豸ｲ(8)��q/L��,B�鯉ｾ橸ｾ幢ｽｯ�ｸ髮�ｰ守ｮ｡(蛹�)豬ｸ蜃ｺ豸ｲ(9)��q/L��,B繝悶Ο繝�け荳ｭ螟ｮ�趣ｾ滂ｾ晢ｾ鯉ｾ滉ｺ墓ｵｸ蜃ｺ豸ｲ(10)��q/L��,
蟷ｳ謌�27蟷ｴ6譛�22譌･,荳肴､懷� ��(<6.9)��(<7.3),窶�,134Cs: 6.8��137Cs: 28�丞粋險�: 35,窶�,窶�,荳肴､懷� ��(<6.0)��(<5.8),窶�,荳肴､懷� ��(<6.4)��(<6.5),荳肴､懷���(<8.5)��(<6.9),窶�,
蟷ｳ謌�27蟷ｴ6譛�15譌･��((4)縺ｯ�､6譛�14譌･謗｡蜿�),窶�,荳肴､懷���(<7.1)��(<7.0),窶�,荳肴､懷� ��(<4.8)��(<5.5),荳肴､懷���(<5.7)��(<6.3),窶�,荳肴､懷���(<8.1)��(<8.5),窶�,窶�,荳肴､懷���(<7.0)��(<6.1),
蟷ｳ謌�27蟷ｴ6譛�8譌･,荳肴､懷� ��(<6.7)��(<6.8),窶�,134Cs:荳肴､懷� (<6.1)��137Cs: 26�丞粋險�: 32,窶�,窶�,荳肴､懷� ��(<8.3)��(<6.6),窶�,荳肴､懷� ��(<6.9)��(<6.8),荳肴､懷� ��(<6.3)��(<6.1),窶�,
蟷ｳ謌�27蟷ｴ6譛�1譌･��((4)縺ｯ�､5譛�31譌･謗｡蜿�),窶�,荳肴､懷���(<7.1)��(<6.0),窶�,荳肴､懷� ��(<5.6)��(<5.9),荳肴､懷� ��(<6.2)��(<6.1),窶�,荳肴､懷���(<8.2)��(<7.1),窶�,窶�,荳肴､懷� ��(<6.5)��(<7.6),
蟷ｳ謌�27蟷ｴ5譛�25譌･,荳肴､懷� ��(<6.2)��(<7.0),窶�,134Cs: 7.0��137Cs: 27�丞粋險�: 34,窶�,窶�,荳肴､懷� ��(<6.9)��(<7.0),窶�,荳肴､懷� ��(<4.6)��(<6.6),荳肴､懷� ��(<6.9)��(<6.8),窶�,
蟷ｳ謌�27蟷ｴ5譛�18譌･��((4)縺ｯ�､5譛�17譌･謗｡蜿�),窶�,荳肴､懷���(<7.8)��(<6.0),窶�,荳肴､懷���(<5.5)��(<6.2),荳肴､懷���(<7.5)��(<7.5),窶�,荳肴､懷� ��(<6.6)��(<7.0),窶�,窶�,荳肴､懷� ��(<6.9)��(<5.6),
蟷ｳ謌�27蟷ｴ5譛�11譌･,荳肴､懷� ��(<5.3)��(<6.3),窶�,134Cs:荳肴､懷� (<5.9)��137Cs: 26�丞粋險�: 32,窶�,窶�,荳肴､懷� ��(<6.3)��(<6.7),窶�,荳肴､懷���(<5.5)��(<5.8),荳肴､懷� ��(<6.8)��(<6.3),窶�,
蟷ｳ謌�27蟷ｴ5譛�6譌･,窶�,荳肴､懷� ��(<6.1)��(<7.9),窶�,荳肴､懷� ��(<6.7)��(<6.5),荳肴､懷� ��(<6.9)��(<8.4),窶�,荳肴､懷���(<8.0)��(<7.2),窶�,窶�,荳肴､懷���(<7.5)��(<6.1),
蟷ｳ謌�27蟷ｴ4譛�27譌･,荳肴､懷� ��(<7.3)��(<6.8),窶�,134Cs: 7.2��137Cs: 20�丞粋險�: 27,窶�,窶�,荳肴､懷� ��(<6.8)��(<7.1),窶�,荳肴､懷���(<7.2)��(<5.7),荳肴､懷� ��(<6.6)��(<6.8),窶�,
蟷ｳ謌�27蟷ｴ4譛�20譌･,窶�,荳肴､懷� ��(<4.9)��(<6.5),窶�,荳肴､懷���(<7.0)��(<7.6),荳肴､懷� ��(<6.8)��(<6.4),窶�,荳肴､懷���(<7.8)��(<8.2),窶�,窶�,荳肴､懷� ��(<6.4)��(<6.9),
蟷ｳ謌�27蟷ｴ4譛�13譌･,荳肴､懷� ��(<6.8)��(<6.2),窶�,134Cs:荳肴､懷� (<6.3)��137Cs: 25�丞粋險�: 31,窶�,窶�,荳肴､懷���(<7.5)��(<7.3),窶�,荳肴､懷� ��(<7.4)��(<5.6),荳肴､懷���(<7.5)��(<7.9),窶�,
蟷ｳ謌�27蟷ｴ4譛�6譌･��((4)縺ｯ�､4譛�5譌･謗｡蜿�),窶�,荳肴､懷���(<7.2)��(<7.0),窶�,荳肴､懷� ��(<4.5)��(<7.2),荳肴､懷� ��(<8.3)��(<7.5),窶�,荳肴､懷���(<8.2)��(<7.3),窶�,窶�,荳肴､懷� ��(<6.9)��(<6.5),
蟷ｳ謌�27蟷ｴ4譛�2譌･,荳肴､懷� ��(<8.6)��(<5.8),窶�,134Cs: 7.7��137Cs: 21�丞粋險�: 29,窶�,窶�,荳肴､懷���(<8.0)��(<7.0),窶�,荳肴､懷� ��(<6.6)��(<7.5),荳肴､懷� ��(<6.7)��(<6.2),窶�,
,170
OCDD,0.0003,5,2,110,98,150,490,130,7600,290,360,610,670
"1,2,7,8-TeCDF",0,1.0,0.3,0.4,1.8,2.2,23,0.5,0.9,3.0,2.7,0.9,4.7
"2,3,7,8-TeCDF",0.1,1.0,0.3,0.4,1.4,2.1,23,0.5,0.8,1.8,2.3,0.7,3.6
"1,2,3,7,8-PeCDF",0.03,1.0,0.3,0.7,2.2,3.3,39,0.6,1.5,4.1,4.1,1.4,8.8
"2,3,4,7,8-PeCDF",0.3,1.0,0.3,0.6,2.4,2.7,18,0.6,1.7,4.6,4.9,1.7,9.8
"1,2,3,4,7,8-HxCDF",0.1,2.0,0.6,0.9,2.9,3.8,63,0.9,10,8.4,9.9,2.2,21
"1,2,3,6,7,8-HxCDF",0.1,2.0,0.6,0.8,3.1,3.0,16,0.7,4.9,9.4,9.9,2.3,22
"1,2,3,7,8,9-HxCDF",0.1,2.0,0.6,N.D.,N.D.,N.D.,1.4,N.D.,N.D.,0.7,0.8,N.D.,1.7
"2,3,4,6,7,8-HxCDF",0.1,2.0,0.6,0.9,3.6,3.3,5.7,0.9,4.6,15,15,3.1,37
"1,2,3,4,6,7,8-HpCDF",0.01,2.0,0.6,4.4,11,11,21,6.1,97,45,47,20,120
"1,2,3,4,7,8,9-HpCDF",0.01,2.0,0.6,N.D.,3.5,1.5,4.8,N.D.,13,7.2,7.6,3.1,19
OCDF,0.0003,5,2,3,8,9,19,10,300,32,40,28,92
"3,4,4',5-TeCB(#81)",0.0003,2.0,0.6,2.4,0.6,2.2,1.0,N.D.,0.8,1.8,1.1,N.D.,1.8
"3,3',4,4'-TeCB(#77)",0.0001,2.