町村,障害部位,1級,2級,3級,4級,5級,6級,計,新規件数
総数,視覚,6,8,3,7,3,4,31,4
総数,聴覚,5,8,2,20,0,19,54,5
総数,言語,0,1,2,0,0,0,3,0
総数,肢体不自由,38,60,61,106,21,14,300,14
総数,内部障害,128,1,8,6,0,0,143,8
総数,膀胱直腸,0,1,1,18,0,0,20,6
総数,計,177,79,77,157,24,37,551,37
大島町,視覚,3,4,1,2,3,2,15,2
大島町,聴覚,3,3,2,6,0,11,25,5
大島町,言語,0,1,1,0,0,0,2,0
大島町,肢体不自由,15,30,30,58,13,5,151,8
大島町,内部障害,85,0,3,4,0,0,92,4
大島町,膀胱直腸,0,0,1,15,0,0,16,6
大島町,計,106,38,38,85,16,18,301,25
利島村,視覚,0,1,0,1,0,0,2,0
利島村,聴覚,0,0,0,1,0,1,2,0
利島村,言語,0,0,0,0,0,0,0,0
利島村,肢体不自由,0,1,2,4,1,0,8,0
利島村,内部障害,1,0,0,0,0,0,1,0
利島村,膀胱直腸,0,0,0,0,0,0,0,0
利島村,計,1,2,2,6,1,1,13,0
新島村,視覚,3,1,2,3,0,1,10,1
新島村,聴覚,0,2,0,9,0,3,14,0
新島村,言語,0,0,1,0,0,0,1,0
新島村,肢体不自由,12,17,25,31,6,5,96,6
新島村,内部障害,29,0,2,2,0,0,33,4
新島村,膀胱直腸,0,1,0,1,0,0,2,0
新島村,計,44,21,30,46,6,9,156,11
神津島村,視覚,0,2,0,1,0,1,4,1
神津島村,聴覚,2,3,0,4,0,4,13,0
神津島村,言語,0,0,0,0,0,0,0,0
神津島村,肢体不自由,11,12,4,13,1,4,45,0
神津島村,内部障害,13,1,3,0,0,0,17,0
神津島村,膀胱直腸,0,0,0,2,0,0,2,0
神津島村,計,26,18,7,20,1,9,81,1
神津島村,聴�,36,1,17,3,19,-,-,-,-,3,6,-,-,-,-,-,-,1,2,-,-,2,4,-,-,-,-,-,-,3,6,-,-,-,-,-,-,-,-,-,-,-,-,3,6,2,3,1,3,-,-,-,-,15,76,-,-,-,-,-,-,-,-,-,-,1,6,-,-,1,6,-,-,-,-,7,44,3,26,-,-,4,18,-,-,-,-,-,-,-,-,-,-,-,-,-,-,-,-,2,4,-,-,1,1,-,-,1,3,1,5,1,5,-,-,-,-,1,6,-,-,1,6,3,11,-,-,1,3,1,1,-,-,-,-,1,7,-,-,-,-,-,-,2,18,2,18,-,-,-,-,-,-,2,18,-,-,-,-,-,-
6,13118,1311800606,闕貞ｷ晏玄,闕貞ｷ晏玄譚ｱ譌･證ｮ驥�,6荳∫岼,闕貞ｷ晏玄譚ｱ譌･證ｮ驥�6荳∫岼,-,-,-,-,-,-,8,27,4,13,2,7,-,-,2,6,1,4,-,-,-,-,-,-,1,4,3,10,-,-,-,-,1,3,2,7,7,19,2,5,-,-,1,2,1,3,-,-,-,-,-,-,-,-,5,14,1,2,1,4,2,6,-,-,-,-,-,-,-,-,1,2,7,90,1,3,-,-,-,-,-,-,-,-,1,3,3,54,-,-,-,-,3,54,1,27,1,27,-,-,-,-,-,-,-,-,-,-,1,5,-,-,1,5,1,1,-,-,-,-,-,-,-,-,1,1,6,49,5,29,1,5,1,11,-,-,-,-,3,13,-,-,-,-,-,-,-,-,1,20,-,-,1,20,-,-,-,-,-,-,-,-,8,107,-,-,-,-,-,-,-,-,-,-,-,-,-,-,1,34,-,-,1,34,-,-,-,-,1,9,-,-,1,9,6,64,1,44,-,-,-,-,-,-,-,-,-,-,-,-,1,2,4,18,-,-,-,-,-,-,12,34,4,6,4,6,-,-,-,-,5,22,5,22,-,-,1,2,1,2,-,-,2,4,-,-,-,-,1,2,1,2,12,45,1,6,2,5,2,5,-,-,1,3,1,3,-,-,-,-,3,15,1,4,-,-,1,4,-,-,-,-,4,12,1,8,-,-,1,1,1,2,-,-,1,1,-,-,-,-,-,-,1,1,-,-,-,-,-,-,-,-,-,-,1,1,-,-,-,-,-,-,-,-,-,-,16,84,1,1,-,-,-,-,1,1,-,-,1,3,1,3,-,-,-,-,-,-,5,14,1,3,-,-,2,6,2,5,-,-,-,-,-,-,-,-,2,5,2,5,-,-,-,-,-,-,-,-,-,-,-,-,1,2,1,2,-,-,-,-,1,3,-,-,1,3,5,56,-,-,1,1,2,7,-,-,-,-,-,-,-,-,-,-,2,48,1,1,-,-,-,-,-,-,-,-,-,-,-,-,-,-,1,1
5,13118,1311800300,闕貞ｷ晏玄,闕貞ｷ晏玄逕ｺ螻�,,闕貞ｷ晏玄逕ｺ螻�,-,-,-,-,-,-,2,70,-,-,-,-,-,-,-,-,-,-,-,-,-,-,-,-,-,-,2,70,-,-,1,68,1,2,-,-,3,11,2,7,-,-,-,-,1,5,-,-,1,2,-,-,-,-,1,4,-,-,-,-,1,4,-,-,-,-,-,-,-,-,-,-,9,55,4,23,1,2,1,1,-,-,-,-,2,20,1,10,-,-,-,-,1,10,2,19,1,14,1,5,1,1,-,-,-,-,1,1,1,2,1,2,-,-,-,-,-,-,-,-,-,-,-,-,-,-,14,234,4,16,-,-,-,-,-,-,-,-,4,16,1,1,-,-,1,1,-,-,6,211,1,47,5,164,3,6,-,-,1,3,2,3,15,121,2,15,2,15,-,-,-,-,-,-,-,-,-,-,3,6,1,3,-,-,2,3,-,-,4,21,-,-,4,21,6,79,1,3,-,-,-,-,1,56,-,-,-,-,-,-,-,-,4,20,1,75,1,75,-,-,18,49,4,8,3,6,1,2,1,4,10,20,10,20,-,-,1,3,-,-,1,3,2,14,1,2,-,-,1,12,-,-,42,302,1,75,4,9,2,5,2,4,2,6,1,3,1,3,2,3,6,23,8,34,3,4,4,29,1,1,-,-,19,152,8,115,-,-,-,-,1,8,2,16,5,8,2,4,-,-,1,1,16,44,6,17,3,12,-,-,1,1,2,4,4,13,6,14,5,11,-,-,-,-,1,3,60,204,5,8,1,3,1,2,2,2,1,1,5,11,3,6,1,2,1,3,-,-,14,88,1,20,1,1,11,62,1,5,-,-,-,-,-,-,-,-,5,24,3,20,2,4,4,19,1,8,-,-,1,6,2,5,4,8,3,6,1,2,-,-,2,4,1,2,1,2,21,42,-,-,11,20,3,9,-,-,-,-,-,-,-,-,-,-,7,13,6,40,4,14,-,-,-,-,-,-,1,1,3,13,1,2,1,24
6,13118,1311800301,闕貞ｷ晏玄,闕貞ｷ晏玄逕ｺ螻�,1荳∫岼,闕貞ｷ晏玄逕ｺ螻�1荳∫岼,-,-,-,-,-,-,1,68,-,-,-,-,-,-,-,-,-,-,-,-,-,-,-,-,-,-,1,68,-,-,1,68,-,-,-,-,-,-,-,-,-,-,-,-,-,-,-,-,-,-,-,-,-,-,-,-,-,-,-,-,-,-,-,-,-,-,-,-,-,-,-,-,-,-,-,-,-,-,-,-,-,-,-,-,-,-,-,-,-,-,-,-,-,-,-,-,-,-,-,-,-,-,-,-,-,-,-,-,-,-,-,-,-,-,-,-,-,-,-,-,-,-,-,-,-,-,4,100,2,9,-,-,-,-,-,-,-,-,2,9,-,-,-,-,-,-,-,-,2,91,1,47,1,44,-,-,-,-,-,-,-,-,5,18,-,-,-,-,-,-,-,-,-,-,-,-,-,-,-,-,-,-,-,-,-,-,-,-,3,14,-,-,3,14,2,4,-,-,-,-,-,-,-,-,-,-,-,-,-,-,-,-,2,4,-,-,-,-,-,-,4,8,1,2,1,2,-,-,-,-,3,6,3,6,-,-,-,-,-,-,-,-,-,-,-,-,-,-,-,-,-,-,7,26,-,-,-,-,-,-,-,-,1,3,-,-,1,3,-,-,2,4,1,7,-,-,1,7,-,-,-,-,3,12,1,3,-,-,-,-,1,8,-,-,1,1,-,-,-,-,-,-,1,4,-,-,-,-,-,-,-,-,-,-,-,-,1,4,1,4,-,-,-,-,-,-,7,21,-,-,-,-,-,-,-,-,-,-,-,-,-,-,-,-,-,-,-,-,2,11,-,-,-,-,2,11,-,-,-,-,-,-,-,-,-,-,-,-,-,-,-,-,-,-,-,-,-,-,-,-,-,-,2,4,2,4,-,-,-,-,-,-,-,-,-,-,3,6,-,-,1,2,-,-,-,-,-,-,-,-,-,-,-,-,2,4,1,1,1,1,-,-,-,-,-,-,1,1,-,-,-,-,-,-
6,13118,1311800302,闕貞ｷ晏玄,闕貞ｷ晏玄逕ｺ螻�,2荳∫岼,闕貞ｷ晏玄逕ｺ螻�2荳∫岼,-,-,-,-,-,-,-,-,-,-,-,-,-,-,-,-,-,-,-,-,-,-,-,-,-,-,-,-,-,-,-,-,-,-,-,-,-,-,-,-,-,-,-,-,-,-,-,-,-,-,-,-,-,-,-,-,-,-,-,-,-,-,-,-,-,-,-,-,-,-,-,-,1,3,1,3,-,-,-,-,-,-,-,-,1,3,-,-,-,-,-,-,-,-,-,-,-,-,-,-,-,-,-,-,-,-,-,-,-,-,-,-,-,-,-,-,-,-,-,-,-,-,-,-,-,-,1,2,-,-,-,-,-,-,-,-,-,-,-,-,-,-,-,-,-,-,-,-,-,-,-,-,-,-,1,2,-,-,-,-,1,2,-,-,-,-,-,-,-,-,-,-,-,-,-,-,-,-,-,-,-,-,-,-,-,-,-,-,-,-,-,-,-,-,-,-,-,-,-,-,-,-,-,-,-,-,-,-,-,-,-,-,-,-,-,-,-,-,-,-,2,4,1,2,1,2,-,-,-,-,1,2,1,2,-,-,-,-,-,-,-,-,-,-,-,-,-,-,-,-,-,-,13,120,-,-,1,2,-,-,1,2,-,-,-,-,-,-,-,-,2,16,4,24,2,3,2,21,-,-,-,-,6,78,3,59,-,-,-,-,-,-,2,16,1,3,-,-,-,-,-,-,-,-,-,-,-,-,-,-,-,-,-,-,-,-,-,-,-,-,-,-,-,-,-,-,18,58,-,-,-,-,-,-,-,-,-,-,2,5,1,2,-,-,1,3,-,-,5,25,-,-,1,1,4,24,-,-,-,-,-,-,-,-,-,-,-,-,-,-,-,-,2,9,1,8,-,-,-,-,1,1,2,4,1,2,1,2,-,-,-,-,-,-,-,-,7,15,-,-,3,5,2,6,-,-,-,-,-,-,-,-,-,-,2,4,2,4,1,2,-,-,-,-,-,-,-,-,1,2,1,2,-,-
6,13118,1311800303,闕貞ｷ晏玄,闕貞ｷ晏玄逕ｺ螻�,3荳∫岼,闕貞ｷ晏玄逕ｺ螻�3荳∫岼,-,-,-,-,-,-,-,-,-,-,-,-,-,-,-,-,-,-,-,-,-,-,-,-,-,-,-,-,-,-,-,-,-,-,-,-,-,-,-,-,-,-,-,-,-,-,-,-,-,-,-,-,-,-,-,-,-,-,-,-,-,-,-,-,-,-,-,-,-,-,-,-,1,17,1,17,-,-,-,-,-,-,-,-,1,17,-,-,-,-,-,-,-,-,-,-,-,-,-,-,-,-,-,-,-,-,-,-,-,-,-,-,-,-,-,-,-,-,-,-,-,-,-,-,-,-,1,5,1,5,-,-,-,-,-,-,-,-,1,5,-,-,-,-,-,-,-,-,-,-,-,-,-,-,-,-,-,-,-,-,-,-,4,27,-,-,-,-,-,-,-,-,-,-,-,-,-,-,1,2,-,-,-,-,1,2,-,-,1,7,-,-,1,7,2,18,1,3,-,-,-,-,-,-,-,-,-,-,-,-,-,-,1,15,-,-,-,-,-,-,7,15,1,2,-,-,1,2,-,-,5,11,5,11,-,-,-,-,-,-,-,-,1,2,1,2,-,-,-,-,-,-,9,106,1,75,1,3,1,3,-,-,-,-,-,-,-,-,-,-,-,-,2,2,-,-,1,1,1,1,-,-,5,26,1,20,-,-,-,-,-,-,-,-,1,1,2,4,-,-,1,1,6,17,1,2,-,-,-,-,-,-,1,2,3,11,2,4,2,4,-,-,-,-,-,-,11,60,1,1,-,-,-,-,1,1,-,-,-,-,-,-,-,-,-,-,-,-,4,35,1,20,-,-,3,15,-,-,-,-,-,-,-,-,-,-,2,14,1,12,1,2,-,-,-,-,-,-,-,-,-,-,-,-,-,-,-,-,-,-,-,-,-,-,-,-,4,10,-,-,2,5,1,3,-,-,-,-,-,-,-,-,-,-,1,2,-,-,-,-,-,-,-,-,-,-,-,-,-,-,-,-,-,-
6,13118,1311800304,闕貞ｷ晏玄,闕貞ｷ晏玄逕ｺ螻�,4荳∫岼,闕貞ｷ晏玄逕ｺ螻�4荳∫岼,-,-,-,-,-,-,1,2,-,-,-,-,-,-,-,-,-,-,-,-,-,-,-,-,-,-,1,2,-,-,-,-,1,2,-,-,1,5,1,5,-,-,-,-,1,5,-,-,-,-,-,-,-,-,-,-,-,-,-,-,-,-,-,-,-,-,-,-,-,-,-,-,-,-,-,-,-,-,-,-,-,-,-,-,-,-,-,-,-,-,-,-,-,-,-,-,-,-,-,-,-,-,-,-,-,-,-,-,-,-,-,-,-,-,-,-,-,-,-,-,-,-,-,-,-,-,1,8,-,-,-,-,-,-,-,-,-,-,-,-,-,-,-,-,-,-,-,-,1,8,-,-,1,8,-,-,-,-,-,-,-,-,-,-,-,-,-,-,-,-,-,-,-,-,-,-,-,-,-,-,-,-,-,-,-,-,-,-,-,-,-,-,-,-,-,-,-,-,-,-,-,-,-,-,-,-,-,-,-,-,-,-,-,-,-,-,-,-,-,-,1,1,-,-,-,-,-,-,-,-,1,1,1,1,-,-,-,-,-,-,-,-,-,-,-,-,-,-,-,-,-,-,3,18,-,-,1,2,-,-,1,2,-,-,-,-,-,-,1,2,-,-,-,-,-,-,-,-,-,-,-,-,1,14,1,14,-,-,-,-,-,-,-,-,-,-,-,-,-,-,-,-,2,5,1,3,1,3,-,-,-,-,-,-,-,-,1,2,1,2,-,-,-,-,-,-,9,25,1,1,-,-,-,-,1,1,-,-,1,2,1,2,-,-,-,-,-,-,1,3,-,-,-,-,1,3,-,-,-,-,-,-,-,-,-,-,1,2,-,-,1,2,2,10,-,-,-,-,1,6,1,4,-,-,-,-,-,-,-,-,1,2,-,-,1,2,2,5,-,-,2,5,-,-,-,-,-,-,-,-,-,-,-,-,-,-,2,28,1,4,-,-,-,-,-,-,-,-,1,4,-,-,1,24
6,13118,1311800305,闕貞ｷ晏玄,闕貞ｷ晏玄逕ｺ螻�,5荳∫岼,闕貞ｷ晏玄逕ｺ螻�5荳∫岼,-,-,-,-,-,-,-,-,-,-,-,-,-,-,-,-,-,-,-,-,-,-,-,-,-,-,-,-,-,-,-,-,-,-,-,-,-,-,-,-,-,-,-,-,-,-,-,-,-,-,-,-,-,-,-,-,-,-,-,-,-,-,-,-,-,-,-,-,-,-,-,-,3,16,-,-,-,-,-,-,-,-,-,-,-,-,1,10,-,-,-,-,1,10,1,5,-,-,1,5,1,1,-,-,-,-,1,1,-,-,-,-,-,-,-,-,-,-,-,-,-,-,-,-,-,-,2,3,1,2,-,-,-,-,-,-,-,-,1,2,1,1,-,-,1,1,-,-,-,-,-,-,-,-,-,-,-,-,-,-,-,-,-,-,-,-,-,-,-,-,-,-,-,-,-,-,-,-,-,-,-,-,-,-,-,-,-,-,-,-,-,-,-,-,-,-,-,-,-,-,-,-,-,-,-,-,-,-,-,-,-,-,-,-,-,-,-,-,-,-,-,-,-,-,-,-,-,-,-,-,-,-,-,-,-,-,-,-,-,-,-,-,-,-,-,-,-,-,-,-,-,-,4,6,-,-,-,-,-,-,-,-,-,-,-,-,-,-,1,1,2,3,-,-,-,-,-,-,-,-,-,-,1,2,-,-,-,-,-,-,-,-,-,-,1,2,-,-,-,-,-,-,2,3,-,-,-,-,-,-,-,-,-,-,1,2,1,1,1,1,-,-,-,-,-,-,-,-,-,-,-,-,-,-,-,-,-,-,-,-,-,-,-,-,-,-,-,-,-,-,-,-,-,-,-,-,-,-,-,-,-,-,-,-,-,-,-,-,-,-,-,-,-,-,-,-,-,-,-,-,-,-,-,-,-,-,-,-,-,-,-,-,-,-,-,-,-,-,-,-,-,-,-,-,-,-,-,-,-,-,-,-,-,-,-,-,-,-,-,-,-,-,-,-,-,-,-,-,-,-,-,-,-,-
6,13118,1311800306,闕貞ｷ晏玄,闕貞ｷ晏玄逕ｺ螻�,6荳∫岼,闕貞ｷ晏玄逕ｺ螻�6荳∫岼,-,-,-,-,-,-,-,-,-,-,-,-,-,-,-,-,-,-,-,-,-,-,-,-,-,-,-,-,-,-,-,-,-,-,-,-,1,2,1,2,-,-,-,-,-,-,-,-,1,2,-,-,-,-,-,-,-,-,-,-,-,-,-,-,-,-,-,-,-,-,-,-,-,-,-,-,-,-,-,-,-,-,-,-,-,-,-,-,-,-,-,-,-,-,-,-,-,-,-,-,-,-,-,-,-,-,-,-,-,-,-,-,-,-,-,-,-,-,-,-,-,-,-,-,-,-,3,7,-,-,-,-,-,-,-,-,-,-,-,-,-,-,-,-,-,-,-,-,1,3,-,-,1,3,2,4,-,-,1,3,1,1,3,60,-,-,-,-,-,-,-,-,-,-,-,-,-,-,2,4,1,3,-,-,1,1,-,-,-,-,-,-,-,-,1,56,-,-,-,-,-,-,1,56,-,-,-,-,-,-,-,-,-,-,1,75,1,75,-,-,1,12,-,-,-,-,-,-,-,-,-,-,-,-,-,-,-,-,-,-,-,-,1,12,-,-,-,-,1,12,-,-,1,1,-,-,-,-,-,-,-,-,-,-,-,-,-,-,-,-,-,-,1,1,1,1,-,-,-,-,-,-,-,-,-,-,-,-,-,-,-,-,-,-,-,-,-,-,-,-,-,-,2,3,2,3,1,1,-,-,-,-,1,2,-,-,-,-,-,-,-,-,-,-,-,-,6,18,-,-,-,-,-,-,-,-,-,-,1,2,-,-,1,2,-,-,-,-,1,5,-,-,-,-,-,-,1,5,-,-,-,-,-,-,-,-,2,8,2,8,-,-,-,-,-,-,-,-,-,-,-,-,-,-,-,-,-,-,-,-,-,-,-,-,-,-,2,3,-,-,1,1,-,-,-,-,-,-,-,-,-,-,-,-,1,2,-,-,-,-,-,-,-,-,-,-,-,-,-,-,-,-,-,-
6,13118,1311800307,闕貞ｷ晏玄,闕貞ｷ晏玄逕ｺ螻�,7荳∫岼,闕貞ｷ晏玄逕ｺ螻�7荳∫岼,-,-,-,-,-,-,-,-,-,-,-,-,-,-,-,-,-,-,-,-,-,-,-,-,-,-,-,-,-,-,-,-,-,-,-,-,1,4,-,-,-,-,-,-,-,-,-,-,-,-,-,-,-,-,1,4,-,-,-,-,1,4,-,-,-,-,-,-,-,-,-,-,3,18,1,2,1,2,-,-,-,-,-,-,-,-,-,-,-,-,-,-,-,-,1,14,1,14,-,-,-,-,-,-,-,-,-,-,1,2,1,2,-,-,-,-,-,-,-,-,-,-,-,-,-,-,1,16,-,-,-,-,-,-,-,-,-,-,-,-,-,-,-,-,-,-,-,-,1,16,-,-,1,16,-,-,-,-,-,-,-,-,2,14,1,13,1,13,-,-,-,-,-,-,-,-,-,-,-,-,-,-,-,-,-,-,-,-,-,-,-,-,-,-,1,1,-,-,-,-,-,-,-,-,-,-,-,-,-,-,-,-,1,1,-,-,-,-,-,-,-,-,-,-,-,-,-,-,-,-,-,-,-,-,-,-,-,-,-,-,-,-,-,-,-,-,-,-,-,-,-,-,2,18,-,-,1,2,1,2,-,-,-,-,-,-,-,-,-,-,-,-,-,-,-,-,-,-,-,-,-,-,1,16,1,16,-,-,-,-,-,-,-,-,-,-,-,-,-,-,-,-,3,12,2,9,1,8,-,-,1,1,-,-,-,-,1,3,-,-,-,-,-,-,1,3,3,4,2,3,-,-,1,2,-,-,1,1,-,-,-,-,-,-,-,-,-,-,-,-,-,-,-,-,-,-,-,-,-,-,-,-,-,-,-,-,-,-,-,-,-,-,-,-,-,-,-,-,-,-,-,-,-,-,-,-,-,-,-,-,-,-,-,-,-,-,1,1,-,-,1,1,-,-,-,-,-,-,-,-,-,-,-,-,-,-,-,-,-,-,-,-,-,-,-,-,-,-,-,-,-,-,-,-
6,13118,1311800308,闕貞ｷ晏玄,闕貞ｷ晏玄逕ｺ螻�,8荳∫岼,闕貞ｷ晏玄逕ｺ螻�8荳∫岼,-,-,-,-,-,-,-,-,-,-,-,-,-,-,-,-,-,-,-,-,-,-,-,-,-,-,-,-,-,-,-,-,-,-,-,-,-,-,-,-,-,-,-,-,-,-,-,-,-,-,-,-,-,-,-,-,-,-,-,-,-,-,-,-,-,-,-,-,-,-,-,-,1,1,1,1,-,-,1,1,-,-,-,-,-,-,-,-,-,-,-,-,-,-,-,-,-,-,-,-,-,-,-,-,-,-,-,-,-,-,-,-,-,-,-,-,-,-,-,-,-,-,-,-,-,-,1,93,-,-,-,-,-,-,-,-,-,-,-,-,-,-,-,-,-,-,-,-,1,93,-,-,1,93,-,-,-,-,-,-,-,-,1,2,1,2,1,2,-,-,-,-,-,-,-,-,-,-,-,-,-,-,-,-,-,-,-,-,-,-,-,-,-,-,-,-,-,-,-,-,-,-,-,-,-,-,-,-,-,-,-,-,-,-,-,-,-,-,-,-,3,9,1,2,1,2,-,-,1,4,-,-,-,-,-,-,1,3,-,-,1,3,-,-,-,-,-,-,-,-,-,-,3,7,-,-,-,-,-,-,-,-,1,3,1,3,-,-,-,-,-,-,-,-,-,-,-,-,-,-,-,-,2,4,1,3,-,-,-,-,-,-,-,-,1,1,-,-,-,-,-,-,-,-,-,-,-,-,-,-,-,-,-,-,-,-,-,-,-,-,-,-,-,-,-,-,6,18,1,3,1,3,-,-,-,-,-,-,1,2,1,2,-,-,-,-,-,-,1,9,-,-,-,-,1,9,-,-,-,-,-,-,-,-,-,-,-,-,-,-,-,-,-,-,-,-,-,-,-,-,-,-,-,-,-,-,-,-,-,-,1,2,1,2,-,-,2,2,-,-,1,1,-,-,-,-,-,-,-,-,-,-,-,-,1,1,1,7,1,7,-,-,-,-,-,-,-,-,1,7,-,-,-,-
5,13118,1311800100,闕貞ｷ晏玄,闕貞ｷ晏玄蜊怜鴻菴�,,闕貞ｷ晏玄蜊怜鴻菴�,-,-,-,-,-,-,7,21,1,2,-,-,-,-,1,2,1,3,-,-,-,-,1,3,-,-,5,16,-,-,2,7,-,-,3,9,10,78,3,7,-,-,-,-,1,2,-,-,2,5,-,-,-,-,7,71,-,-,1,2,1,12,1,10,1,1,-,-,-,-,3,46,14,70,4,18,2,11,-,-,-,-,1,2,1,5,5,23,-,-,2,5,3,18,1,2,1,2,-,-,1,13,1,13,-,-,-,-,1,4,-,-,1,4,2,10,-,-,-,-,-,-,2,10,-,-,12,123,3,15,-,-,-,-,-,-,1,10,2,5,4,25,1,2,3,23,-,-,5,83,1,1,4,82,-,-,-,-,-,-,-,-,13,83,1,1,1,1,-,-,-,-,-,-,-,-,-,-,-,-,-,-,-,-,-,-,-,-,4,18,-,-,4,18,8,64,2,8,-,-,1,4,1,1,-,-,-,-,1,12,-,-,3,39,-,-,-,-,-,-,31,164,4,10,-,-,4,10,4,14,14,75,14,75,-,-,5,15,3,12,2,3,4,50,-,-,-,-,2,47,2,3,84,891,5,442,4,12,4,12,-,-,6,23,4,13,2,10,7,44,8,18,14,72,7,35,1,2,5,32,1,3,40,280,11,194,2,3,-,-,6,12,9,40,7,17,3,10,-,-,2,4,12,41,4,19,1,14,-,-,-,-,3,5,3,6,5,16,4,11,-,-,-,-,1,5,87,393,6,11,2,4,-,-,4,7,-,-,9,15,4,7,5,8,-,-,-,-,24,184,6,96,1,2,12,72,5,14,1,1,-,-,-,-,1,1,7,53,4,39,3,14,9,58,3,12,1,1,2,34,3,11,3,6,2,3,-,-,1,3,6,16,-,-,6,16,22,49,-,-,5,9,8,19,-,-,1,2,-,-,-,-,-,-,8,19,1,4,-,-,-,-,-,-,-,-,-,-,-,-,-,-,1,4
6,13118,1311800101,闕貞ｷ晏玄,闕貞ｷ晏玄蜊怜鴻菴�,1荳∫岼,闕貞ｷ晏玄蜊怜鴻菴�1荳∫岼,-,-,-,-,-,-,1,3,-,-,-,-,-,-,-,-,1,3,-,-,-,-,1,3,-,-,-,-,-,-,-,-,-,-,-,-,2,9,-,-,-,-,-,-,-,-,-,-,-,-,-,-,-,-,2,9,-,-,-,-,-,-,-,-,-,-,-,-,-,-,2,9,-,-,-,-,-,-,-,-,-,-,-,-,-,-,-,-,-,-,-,-,-,-,-,-,-,-,-,-,-,-,-,-,-,-,-,-,-,-,-,-,-,-,-,-,-,-,-,-,-,-,-,-,-,-,4,21,1,10,-,-,-,-,-,-,1,10,-,-,1,2,1,2,-,-,-,-,2,9,1,1,1,8,-,-,-,-,-,-,-,-,3,11,-,-,-,-,-,-,-,-,-,-,-,-,-,-,-,-,-,-,-,-,-,-,-,-,1,3,-,-,1,3,2,8,1,4,-,-,1,4,-,-,-,-,-,-,-,-,-,-,-,-,-,-,-,-,-,-,17,31,1,1,-,-,1,1,2,3,10,18,10,18,-,-,1,2,1,2,-,-,3,7,-,-,-,-,1,4,2,3,33,258,1,161,3,7,3,7,-,-,4,15,2,5,2,10,4,7,3,10,4,13,2,5,-,-,2,8,-,-,14,45,1,12,-,-,-,-,3,6,4,11,4,9,1,5,-,-,1,2,4,20,1,14,1,14,-,-,-,-,-,-,1,1,2,5,2,5,-,-,-,-,-,-,25,71,1,2,-,-,-,-,1,2,-,-,4,7,4,7,-,-,-,-,-,-,6,29,1,16,-,-,2,8,3,5,1,1,-,-,-,-,1,1,1,2,-,-,1,2,3,8,1,5,1,1,-,-,1,2,-,-,-,-,-,-,-,-,2,4,-,-,2,4,7,18,-,-,1,2,4,9,-,-,-,-,-,-,-,-,-,-,2,7,-,-,-,-,-,-,-,-,-,-,-,-,-,-,-,-,-,-
6,13118,1311800102,闕貞ｷ晏玄,闕貞ｷ晏玄蜊怜鴻菴�,2荳∫岼,闕貞ｷ晏玄蜊怜鴻菴�2荳∫岼,-,-,-,-,-,-,1,6,-,-,-,-,-,-,-,-,-,-,-,-,-,-,-,-,-,-,1,6,-,-,-,-,-,-,1,6,2,12,-,-,-,-,-,-,-,-,-,-,-,-,-,-,-,-,2,12,-,-,1,2,-,-,1,10,-,-,-,-,-,-,-,-,-,-,-,-,-,-,-,-,-,-,-,-,-,-,-,-,-,-,-,-,-,-,-,-,-,-,-,-,-,-,-,-,-,-,-,-,-,-,-,-,-,-,-,-,-,-,-,-,-,-,-,-,-,-,-,-,-,-,-,-,-,-,-,-,-,-,-,-,-,-,-,-,-,-,-,-,-,-,-,-,-,-,-,-,-,-,-,-,-,-,2,5,-,-,-,-,-,-,-,-,-,-,-,-,-,-,-,-,-,-,-,-,-,-,-,-,-,-,-,-,-,-,2,5,1,4,-,-,-,-,1,1,-,-,-,-,-,-,-,-,-,-,-,-,-,-,-,-,-,-,-,-,-,-,-,-,-,-,-,-,-,-,-,-,-,-,-,-,-,-,-,-,-,-,-,-,-,-,-,-,6,37,-,-,-,-,-,-,-,-,-,-,-,-,-,-,-,-,1,1,2,5,1,2,-,-,-,-,1,3,3,31,1,26,-,-,-,-,-,-,1,2,-,-,1,3,-,-,-,-,-,-,-,-,-,-,-,-,-,-,-,-,-,-,-,-,-,-,-,-,-,-,-,-,6,13,-,-,-,-,-,-,-,-,-,-,2,3,-,-,2,3,-,-,-,-,2,6,-,-,1,2,1,4,-,-,-,-,-,-,-,-,-,-,-,-,-,-,-,-,-,-,-,-,-,-,-,-,-,-,1,2,1,2,-,-,-,-,-,-,-,-,-,-,1,2,-,-,-,-,-,-,-,-,-,-,-,-,-,-,-,-,1,2,-,-,-,-,-,-,-,-,-,-,-,-,-,-,-,-,-,-
6,13118,1311800103,闕貞ｷ晏玄,闕貞ｷ晏玄蜊怜鴻菴�,3荳∫岼,闕貞ｷ晏玄蜊怜鴻菴�3荳∫岼,-,-,-,-,-,-,2,7,-,-,-,-,-,-,-,-,-,-,-,-,-,-,-,-,-,-,2,7,-,-,2,7,-,-,-,-,-,-,-,-,-,-,-,-,-,-,-,-,-,-,-,-,-,-,-,-,-,-,-,-,-,-,-,-,-,-,-,-,-,-,-,-,2,7,-,-,-,-,-,-,-,-,-,-,-,-,1,5,-,-,-,-,1,5,1,2,1,2,-,-,-,-,-,-,-,-,-,-,-,-,-,-,-,-,-,-,-,-,-,-,-,-,-,-,-,-,2,22,-,-,-,-,-,-,-,-,-,-,-,-,2,22,-,-,2,22,-,-,-,-,-,-,-,-,-,-,-,-,-,-,-,-,1,11,-,-,-,-,-,-,-,-,-,-,-,-,-,-,-,-,-,-,-,-,-,-,-,-,-,-,-,-,-,-,1,11,-,-,-,-,-,-,-,-,-,-,-,-,-,-,-,-,1,11,-,-,-,-,-,-,-,-,-,-,-,-,-,-,-,-,-,-,-,-,-,-,-,-,-,-,-,-,-,-,-,-,-,-,-,-,-,-,2,25,-,-,-,-,-,-,-,-,-,-,-,-,-,-,-,-,-,-,-,-,-,-,-,-,-,-,-,-,2,25,2,25,-,-,-,-,-,-,-,-,-,-,-,-,-,-,-,-,-,-,-,-,-,-,-,-,-,-,-,-,-,-,-,-,-,-,-,-,-,-,-,-,7,52,-,-,-,-,-,-,-,-,-,-,-,-,-,-,-,-,-,-,-,-,1,8,-,-,-,-,1,8,-,-,-,-,-,-,-,-,-,-,5,40,3,28,2,12,1,4,1,4,-,-,-,-,-,-,-,-,-,-,-,-,-,-,-,-,-,-,-,-,-,-,-,-,-,-,-,-,-,-,-,-,-,-,-,-,-,-,-,-,-,-,-,-,-,-,-,-,-,-,-,-,-,-,-,-,-,-
6,13118,1311800104,闕貞ｷ晏玄,闕貞ｷ晏玄蜊怜鴻菴�,4荳∫岼,闕貞ｷ晏玄蜊怜鴻菴�4荳∫岼,-,-,-,-,-,-,-,-,-,-,-,-,-,-,-,-,-,-,-,-,-,-,-,-,-,-,-,-,-,-,-,-,-,-,-,-,-,-,-,-,-,-,-,-,-,-,-,-,-,-,-,-,-,-,-,-,-,-,-,-,-,-,-,-,-,-,-,-,-,-,-,-,-,-,-,-,-,-,-,-,-,-,-,-,-,-,-,-,-,-,-,-,-,-,-,-,-,-,-,-,-,-,-,-,-,-,-,-,-,-,-,-,-,-,-,-,-,-,-,-,-,-,-,-,-,-,-,-,-,-,-,-,-,-,-,-,-,-,-,-,-,-,-,-,-,-,-,-,-,-,-,-,-,-,-,-,-,-,-,-,-,-,-,-,-,-,-,-,-,-,-,-,-,-,-,-,-,-,-,-,-,-,-,-,-,-,-,-,-,-,-,-,-,-,-,-,-,-,-,-,-,-,-,-,-,-,-,-,-,-,-,-,-,-,-,-,-,-,-,-,6,116,-,-,-,-,-,-,1,10,2,53,2,53,-,-,2,10,2,10,-,-,1,43,-,-,-,-,1,43,-,-,7,120,1,35,-,-,-,-,-,-,-,-,-,-,-,-,1,25,-,-,2,21,1,6,-,-,1,15,-,-,3,39,1,16,-,-,-,-,-,-,2,23,-,-,-,-,-,-,-,-,1,3,-,-,-,-,-,-,-,-,-,-,1,3,-,-,-,-,-,-,-,-,-,-,7,77,-,-,-,-,-,-,-,-,-,-,-,-,-,-,-,-,-,-,-,-,4,59,4,59,-,-,-,-,-,-,-,-,-,-,-,-,-,-,-,-,-,-,-,-,1,7,-,-,-,-,-,-,1,7,-,-,-,-,-,-,-,-,1,8,-,-,1,8,1,3,-,-,-,-,-,-,-,-,-,-,-,-,-,-,-,-,1,3,-,-,-,-,-,-,-,-,-,-,-,-,-,-,-,-,-,-
6,13118,1311800105,闕貞ｷ晏玄,闕貞ｷ晏玄蜊怜鴻菴�,5荳∫岼,闕貞ｷ晏玄蜊怜鴻菴�5荳∫岼,-,-,-,-,-,-,1,2,-,-,-,-,-,-,-,-,-,-,-,-,-,-,-,-,-,-,1,2,-,-,-,-,-,-,1,2,1,1,-,-,-,-,-,-,-,-,-,-,-,-,-,-,-,-,1,1,-,-,-,-,-,-,-,-,1,1,-,-,-,-,-,-,6,33,1,8,1,8,-,-,-,-,-,-,-,