区分１,区分２,度数計,割合計,男子_度数,男子_割合,女子_度数,女子_割合
全体,全体,1500,100,913,60.9,587,39.1
児童・生徒別,小学生,500,100,288,57.6,212,42.4
児童・生徒別,中学生,500,100,302,60.4,198,39.6
児童・生徒別,高校生,500,100,323,64.6,177,35.4
子供の性別,男子,763,100,508,66.6,255,33.4
子供の性別,女子,737,100,405,55,332,45
児童・生徒×子供の性別,小学生男子,236,100,148,62.7,88,37.3
児童・生徒×子供の性別,小学生女子,264,100,140,53,124,47
児童・生徒×子供の性別,中学生男子,262,100,177,67.6,85,32.4
児童・生徒×子供の性別,中学生女子,238,100,125,52.5,113,47.5
児童・生徒×子供の性別,高校生男子,265,100,183,69.1,82,30.9
児童・生徒×子供の性別,高校生女子,235,100,140,59.6,95,40.4
携帯電話の購入所別,各携帯会社の販売店（ドコモショップ等）,953,100,578,60.7,375,39.3
携帯電話の購入所別,全携帯電話会社の機種を扱う販売代理店,84,100,48,57.1,36,42.9
携帯電話の購入所別,家電量販店,282,100,164,58.2,118,41.8
携帯電話の購入所別,インターネット販売,109,100,72,66.1,37,33.9
携帯電話の購入所別,その他,43,100,34,79.1,9,20.9
携帯電話の購入所別,わからない,29,100,17,58.6,12,41.4
フィルタリングサービスの加入状況別,加入している,539,100,323,59.9,216,40.1
フィルタリングサービスの加入状況別,加入していない,523,100,339,64.8,184,35.2
フィルタリングサービスの加入状況別,インターネットが使えない機種・設定になっている,185,100,93,50.3,92,49.7
フィルタリングサービスの加入状況別,わからない,253,100,158,62.5,95,37.5
利用制限サービスの加入状況別,加入している,366,100,226,61.7,140,38.3
利用制限サービスの加入状況別,加入していないが、保護者の承諾がないとダウンロードさせないなど、アプリのダウンロードについて制限を加えている,167,100,104,62.3,63,37.7
利用制限サービスの加入状況別,加入していないし、特段の制限も設けていない,351,100,215,61.3,136,38.7
利用制限サービスの加入状況別,わからない,87,100,46,52.9,41,47.1
利用状況の管理状態別,利用状況の把握及び監督もできている,550,100,321,58.4,229,41.6
利用状況の管理状態別,利用状況は把握しているが、監督まではできていない,639,100,390,61,249,39
利用状況の管理状態別,利用状況を把握しておらず、監督もできていない,208,100,132,63.5,76,36.5
利用状況の管理状態別,子供の利用状況に関心がない,98,100,68,69.4,30,30.6
利用状況の管理状態別,その他,5,100,2,40,3,60
説明・学習経験別,テレビや本・雑誌などの特集を見た、読んだ,471,100,306,65,165,35
説明・学習経験別,インターネットで調べた,482,100,353,73.2,129,26.8
説明・学習経験別,学校から配布される資料等を読んだ,537,100,223,41.5,314,58.5
説明・学習経験別,学校の保護者会等で行われた講演会で説明を受けた,330,100,114,34.5,216,65.5
説明・学習経験別,知識のある知人から説明を受けた,74,100,41,55.4,33,44.6
説明・学習経験別,販売店等から詳しく説明をうけた,113,100,75,66.4,38,33.6
説明・学習経験別,公共施設などで開催された講座に参加した,37,100,21,56.8,16,43.2
説明・学習経験別,特に説明をうけたり学習したりしたことはない,340,100,252,74.1,88,25.9
説明・学習経験別,その他,9,100,7,77.8,2,22.2
説明・学習経77,92,139,134,91,74,81,101,98,97,78,44,27,7,3,2,1522,67,81,68,56,67,77,92,128,91,89,78,73,107,119,107,73,74,37,23,13,2,1390,75,73,65,71,68,89,86,131,118,102,78,92,91,96,73,38,34,5,5,0,0,734,42,37,33,33,34,49,50,75,66,58,41,50,45,51,35,16,16,1,2,0,0,656,33,36,32,38,34,40,36,56,52,44,37,42,46,45,38,22,18,4,3,0,0,1835,151,211,131,65,67,76,169,269,212,141,66,53,69,57,43,31,11,5,5,3,0,937,72,118,72,36,35,34,73,135,123,82,28,30,25,23,24,21,5,0,1,0,0,898,79,93,59,29,32,42,96,134,89,59,38,23,44,34,19,10,6,5,4,3,0,827,40,32,40,47,53,55,65,65,60,57,54,50,64,66,39,17,8,12,3,0,0,442,18,20,20,25,31,30,37,37,39,33,26,31,27,32,21,8,2,4,1,0,0,385,22,12,20,22,22,25,28,28,21,24,28,19,37,34,18,9,6,8,2,0,0,486,5,14,11,13,37,254,54,26,16,12,7,4,12,5,3,5,5,3,0,0,0,405,1,10,5,9,36,247,47,16,9,6,3,2,6,3,0,3,1,1,0,0,0,81,4,4,6,4,1,7,7,10,7,6,4,2,6,2,3,2,4,2,0,0,0,924,61,54,62,29,35,62,94,97,74,62,33,43,73,64,38,27,7,6,3,0,0,482,32,26,31,10,20,32,56,51,41,31,25,20,36,30,19,16,2,2,2,0,0,442,29,28,31,19,15,30,38,46,33,31,8,23,37,34,19,11,5,4,1,0,0,705,47,40,36,23,39,45,86,103,51,28,29,35,48,30,27,18,14,4,1,1,0,399,29,23,22,10,23,23,50,60,32,19,16,17,23,19,16,9,6,2,0,0,0,306,18,17,14,13,16,22,36,43,19,9,13,18,25,11,11,9,8,2,1,1,0,384,22,20,19,27,25,21,27,28,36,47,17,21,25,22,15,7,4,0,1,0,0,205,11,11,11,15,17,8,15,17,19,25,11,10,14,11,8,1,1,0,0,0,0,179,11,9,8,12,8,13,12,11,17,22,6,11,11,11,7,6,3,0,1,0,0,991,58,48,51,46,57,58,73,92,71,52,40,73,80,64,63,22,29,10,4,0,0,523,27,26,27,23,35,26,43,48,49,30,14,31,47,37,33,10,12,3,2,0,0,468,31,22,24,23,22,32,30,44,22,22,26,42,33,27,30,12,17,7,2,0,0,1666,57,67,70,71,101,127,138,152,153,100,88,122,132,105,65,64,36,15,2,1,0,855,29,31,37,30,58,73,82,82,82,54,39,63,69,53,29,30,11,3,0,0,0,811,28,36,33,41,43,54,56,70,71,46,49,59,63,52,36,34,25,12,2,1,0,1393,80,70,55,67,89,96,161,167,152,118,78,53,53,45,35,30,27,11,4,2,0,735,36,37,27,32,47,49,87,88,88,70,48,34,28,18,18,14,11,3,0,0,0,658,44,33,28,35,42,47,74,79,64,48,30,19,25,27,17,16,16,8,4,2,0,1574,94,72,59,66,54,75,120,162,127,89,67,87,90,111,112,97,45,36,9,2,0,792,49,39,31,33,27,42,67,81,70,44,45,41,43,48,54,43,14,16,4,1,0,782,45,33,28,33,27,33,53,81,57,45,22,46,47,63,58,54,31,20,5,1,0,1586,72,92,93,83,63,85,109,136,153,125,93,75,103,93,78,69,40,15,6,2,1,794,35,43,45,41,38,37,57,70,78,70,52,36,56,39,40,33,17,4,1,1,1,792,37,49,48,42,25,48,52,66,75,55,41,39,47,54,38,36,23,11,5,1,0,1204,86,72,62,40,50,100,117,118,97,62,52,54,83,52,51,52,24,21,9,2,0,617,39,40,35,24,24,53,60,63,54,36,24,26,46,22,24,28,9,8,2,0,0,587,47,32,27,16,26,47,57,55,43,26,28,28,37,30,27,24,15,13,7,2,0,1679,107,70,75,83,86,139,170,172,161,111,84,72,85,71,50,48,30,33,22,10,0,879,58,35,37,52,46,80,88,104,79,64,48,36,50,34,26,13,13,9,6,1,0,800,49,35,38,31,40,59,82,68,82,47,36,36,35,37,24,35,17,24,16,9,0,1622,85,84,92,76,79,116,129,155,173,102,84,105,84,88,67,42,43,12,5,1,0,836,37,49,50,43,37,67,64,78,101,57,46,52,44,36,33,18,16,5,2,1,0,786,48,35,42,33,42,49,65,77,72,45,38,53,40,52,34,24,27,7,3,0,0,1048,48,50,51,51,49,60,83,96,80,69,56,71,64,66,63,52,22,12,4,0,1,556,17,28,28,28,29,34,48,55,40,45,21,40,34,32,35,25,11,5,0,0,1,492,31,22,23,23,20,26,35,41,40,24,35,31,30,34,28,27,11,7,4,0,0,595,33,20,18,22,31,37,44,58,50,34,30,37,57,33,40,31,12,4,3,1,0,323,19,13,8,13,17,26,23,30,29,19,16,24,31,12,22,14,6,1,0,0,0,272,14,7,10,9,14,11,21,28,21,15,14,13,26,21,18,17,6,3,3,1,0
2012/1/1,1809,56,85,101,97,124,102,101,122,162,153,95,100,129,102,98,77,57,29,13,6,0,883,36,45,56,53,50,43,59,58,78,74,50,56,67,45,44,33,20,9,5,2,0,926,20,40,45,44,74,59,42,64,84,79,45,44,62,57,54,44,37,20,8,4,0,1994,93,99,92,81,125,114,136,173,178,148,127,108,132,132,94,84,42,26,10,0,0,1046,53,59,53,44,77,61,68,89,100,85,69,54,65,67,48,33,17,1,3,0,0,948,40,40,39,37,48,53,68,84,78,63,58,54,67,65,46,51,25,25,7,0,0,0,0,0,0,0,0,0,0,0,0,0,0,0,0,0,0,0,0,0,0,0,0,0,0,0,0,0,0,0,0,0,0,0,0,0,0,0,0,0,0,0,0,0,0,0,0,0,0,0,0,0,0,0,0,0,0,0,0,0,0,0,0,0,0,0,0,5,1,2,0,0,0,0,0,2,0,0,0,0,0,0,0,0,0,0,0,0,0,3,0,2,0,0,0,0,0,1,0,0,0,0,0,0,0,0,0,0,0,0,0,2,1,0,0,0,0,0,0,1,0,0,0,0,0,0,0,0,0,0,0,0,0,1678,74,86,86,84,77,74,85,138,159,125,90,84,131,89,95,74,74,36,11,2,4,815,33,42,40,43,38,31,42,74,80,67,55,39,68,40,36,31,32,17,6,1,0,863,41,44,46,41,39,43,43,64,79,58,35,45,63,49,59,43,42,19,5,1,4,1479,27,46,61,105,135,57,62,79,122,101,103,86,118,86,97,79,67,28,17,3,0,689,14,20,36,43,69,32,33,35,59,48,49,45,57,41,35,34,26,8,3,2,0,790,13,26,25,62,66,25,29,44,63,53,54,41,61,45,62,45,41,20,14,1,0,1343,10,13,10,281,633,137,16,25,28,24,9,10,25,11,12,14,21,32,24,6,2,978,6,7,5,225,512,122,9,13,12,18,4,7,10,4,4,4,4,8,3,1,0,365,4,6,5,56,121,15,7,12,16,6,5,3,15,7,8,10,17,24,21,5,2,3054,160,169,188,135,167,183,183,249,279,228,200,187,198,134,142,105,80,42,22,3,0,1485,79,77,101,65,85,97,105,122,139,124,87,97,79,65,63,46,34,12,7,1,0,1569,81,92,87,70,82,86,78,127,140,104,113,90,119,69,79,59,46,30,15,2,0,2331,111,117,138,106,136,128,148,210,216,148,144,122,161,125,118,88,63,35,12,4,1,1158,49,52,69,50,75,58,77,112,118,80,81,63,84,56,48,46,26,13,1,0,0,1173,62,65,69,56,61,70,71,98,98,68,63,59,77,69,70,42,37,22,11,4,1,2851,111,145,158,175,178,136,124,213,281,217,211,151,219,134,135,108,81,53,18,3,0,1410,55,80,69,86,90,72,61,107,149,112,108,73,121,65,63,49,25,21,3,1,0,1441,56,65,89,89,88,64,63,106,132,105,103,78,98,69,72,59,56,32,15,2,0,3924,180,174,239,178,196,244,264,349,437,302,225,197,255,205,155,117,114,56,30,6,1,1980,91,91,128,87,89,118,134,177,239,178,120,101,135,91,70,54,49,21,6,1,0,1944,89,83,111,91,107,126,130,172,198,124,105,96,120,114,85,63,65,35,24,5,1,2458,118,94,107,106,159,218,235,230,252,173,125,111,141,103,109,87,49,25,12,3,1,1272,57,51,60,59,87,113,127,126,139,93,61,61,67,51,49,38,24,8,1,0,0,1186,61,43,47,47,72,105,108,104,113,80,64,50,74,52,60,49,25,17,11,3,1,3398,176,197,195,209,179,206,223,320,364,342,220,185,198,104,90,93,58,26,10,3,0,1667,88,103,93,108,75,95,110,162,179,195,101,97,94,52,37,41,26,10,1,0,0,1731,88,94,102,101,104,111,113,158,185,147,119,88,104,52,53,52,32,16,9,3,0,2339,94,81,84,105,138,210,167,194,207,113,135,137,175,162,138,91,54,42,8,4,0,1180,45,51,46,55,65,114,90,111,104,62,70,63,99,72,62,45,12,12,1,1,0,1159,49,30,38,50,73,96,77,83,103,51,65,74,76,90,76,46,42,30,7,3,0,2313,91,81,95,104,125,217,148,177,190,148,150,134,214,152,112,98,43,25,6,3,0,1177,44,39,52,58,65,133,83,91,105,72,78,59,106,69,56,38,17,11,1,0,0,1136,47,42,43,46,60,84,65,86,85,76,72,75,108,83,56,60,26,14,5,3,0,2262,116,91,120,114,184,173,196,191,188,218,134,106,100,70,77,69,49,32,25,5,4,1107,58,49,50,58,92,82,107,104,92,120,79,51,44,34,33,28,19,5,1,1,0,1155,58,42,70,56,92,91,89,87,96,98,55,55,56,36,44,41,30,27,24,4,4,4393,165,183,167,197,208,245,265,298,342,271,292,377,465,361,241,164,94,42,12,4,0,2123,83,105,83,112,97,123,126,142,172,132,137,170,226,178,114,68,34,16,4,1,0,2270,82,78,84,85,111,122,139,156,170,139,155,207,239,183,127,96,60,26,8,3,0,1685,75,74,64,74,88,99,93,152,120,95,103,110,178,136,100,68,27,21,7,1,0,842,43,41,31,42,46,50,50,77,59,51,44,56,78,69,51,35,9,9,1,0,0,843,32,33,33,32,42,49,43,75,61,44,59,54,100,67,49,33,18,12,6,1,0,1296,65,71,52,69,66,86,108,109,100,65,79,91,153,78,50,31,12,7,3,0,1,632,33,39,29,45,34,43,47,53,46,32,37,42,72,39,25,12,3,1,0,0,0,664,32,32,23,24,32,43,61,56,54,33,42,49,81,39,25,19,9,6,3,0,1,1258,73,80,73,66,69,72,80,122,125,103,58,65,76,79,50,29,21,10,4,3,0,661,38,43,43,32,35,42,42,61,67,64,27,34,37,38,29,14,9,4,1,1,0,597,35,37,30,34,34,30,38,61,58,39,31,31,39,41,21,15,12,6,3,2,0,1416,80,82,71,68,65,61,93,130,148,88,64,67,88,95,71,55,46,27,12,4,1,719,36,41,34,37,41,37,42,68,82,50,31,31,42,44,38,30,19,12,3,1,0,697,44,41,37,31,24,24,51,62,66,38,33,36,46,51,33,25,27,15,9,3,1,924,25,17,25,39,56,100,71,78,73,77,53,65,67,57,31,44,22,13,8,3,0,479,10,10,15,21,27,53,38,43,46,47,27,36,37,28,10,16,8,5,2,0,0,445,15,7,10,18,29,47,33,35,27,30,26,29,30,29,21,28,14,8,6,3,0,1967,109,75,77,84,156,198,205,196,149,140,101,91,107,81,69,62,33,23,6,4,1,1054,53,41,43,36,83,111,119,113,91,77,50,44,60,51,32,25,20,5,0,0,0,913,56,34,34,48,73,87,86,83,58,63,51,47,47,30,37,37,13,18,6,4,1,1241,83,83,63,60,54,49,128,128,124,77,74,48,59,59,58,37,25,14,13,4,1,640,51,52,31,34,28,20,64,65,65,41,39,23,35,27,26,21,8,5,4,1,0,601,32,31,32,26,26,29,64,63,59,36,35,25,24,32,32,16,17,9,9,3,1,1671,74,81,74,64,92,88,106,152,121,101,105,99,135,114,99,86,55,17,7,1,0,868,27,41,43,39,52,56,55,92,64,56,58,53,62,55,47,34,29,2,3,0,0,803,47,40,31,25,40,32,51,60,57,45,47,46,73,59,52,52,26,15,4,1,0,2191,93,87,97,95,111,113,109,154,168,148,136,118,197,143,129,134,81,54,23,1,0,1091,54,38,53,46,50,64,58,81,92,82,67,60,92,68,66,57,37,19,7,0,0,1100,39,49,44,49,61,49,51,73,76,66,69,58,105,75,63,77,44,35,16,1,0,565,14,16,19,16,25,34,34,38,39,31,34,46,60,54,37,32,24,10,1,1,0,294,6,6,13,9,15,17,20,21,17,21,19,24,28,23,23,15,12,4,1,0,0,271,8,10,6,7,10,17,14,17,22,10,15,22,32,31,14,17,12,6,0,1,0,3262,177,110,116,114,185,304,375,335,339,251,175,152,183,133,120,92,55,32,10,4,0,1644,93,61,57,53,76,139,203,191,172,129,101,81,91,71,49,42,22,9,2,2,0,1618,84,49,59,61,109,165,172,144,167,122,74,71,92,62,71,50,33,23,8,2,0,3338,191,172,193,126,139,192,231,353,373,302,202,157,226,123,121,133,64,22,13,5,0,1733,104,84,92,66,71,107,120,190,197,177,108,91,120,56,50,53,34,8,3,2,0,1605,87,88,101,60,68,85,111,163,176,125,94,66,106,67,71,80,30,14,10,3,0,2248,120,99,123,113,174,177,181,197,206,161,113,103,147,92,101,66,34,19,17,4,1,1140,59,53,59,53,102,89,93,104,119,79,49,55,78,43,44,37,12,5,5,2,0,1108,61,46,64,60,72,88,88,93,87,82,64,48,69,49,57,29,22,14,12,2,1,2608,153,134,156,143,185,185,187,254,244,205,124,121,144,118,91,75,53,28,6,2,0,1386,74,81,73,88,119,100,104,125,144,110,68,63,79,57,38,37,17,8,1,0,0,1222,79,53,83,55,66,85,83,129,100,95,56,58,65,61,53,38,36,20,5,2,0,581,83,39,14,21,25,18,78,79,52,35,19,20,23,30,20,12,6,4,3,0,0,274,31,21,8,12,10,8,38,39,25,17,12,11,11,12,9,7,3,0,0,0,0,307,52,18,6,9,15,10,40,40,27,18,7,9,12,18,11,5,3,4,3,0,0,693,52,51,30,20,76,89,93,115,82,51,27,7,0,0,0,0,0,0,0,0,0,489,27,26,9,13,64,76,67,84,56,40,22,5,0,0,0,0,0,0,0,0,0,204,25,25,21,7,12,13,26,31,26,11,5,2,0,0,0,0,0,0,0,0,0,1160,53,50,39,51,80,49,66,106,72,96,68,63,70,80,87,59,40,20,11,0,0,575,28,29,17,26,39,26,31,64,31,50,42,36,28,37,36,26,16,6,7,0,0,585,25,21,22,25,41,23,35,42,41,46,26,27,42,43,51,33,24,14,4,0,0,3142,135,204,266,224,171,118,136,214,370,342,227,156,181,137,110,73,43,21,12,2,0,1543,69,99,139,112,91,53,63,91,181,173,116,79,85,73,55,31,17,10,6,0,0,1599,66,105,127,112,80,65,73,123,189,169,111,77,96,64,55,42,26,11,6,2,0,2122,91,101,126,128,99,117,125,166,180,191,127,116,120,106,121,87,66,44,8,3,0,1071,49,53,62,61,55,59,72,85,95,97,58,65,61,50,62,37,26,21,2,1,0,1051,42,48,64,67,44,58,53,81,85,94,69,51,59,56,59,50,40,23,6,2,0,2628,140,165,186,130,120,120,180,215,290,234,171,139,144,83,80,103,69,42,13,3,1,1318,71,88,98,68,60,62,85,100,146,128,89,73,80,47,30,40,27,20,6,0,0,1310,69,77,88,62,60,58,95,115,144,106,82,66,64,36,50,63,42,22,7,3,1,1682,78,79,64,67,108,116,103,158,143,85,108,114,90,103,85,71,56,38,12,3,1,858,42,32,38,38,60,73,60,78,81,44,58,58,41,34,48,32,24,14,2,1,0,824,36,47,26,29,48,43,43,80,62,41,50,56,49,69,37,39,32,24,10,2,1,1285,46,60,72,76,98,74,67,107,102,89,99,67,98,72,52,42,32,24,6,2,0,658,26,28,40,34,64,36,37,52,61,42,53,36,49,35,27,16,10,8,3,1,0,627,20,32,32,42,34,38,30,55,41,47,46,31,49,37,25,26,22,16,3,1,0,1464,64,85,74,55,70,78,82,116,117,111,79,81,124,93,87,66,46,23,9,4,0,726,32,44,36,34,33,36,42,62,65,56,40,43,58,46,32,36,18,8,4,1,0,738,32,41,38,21,37,42,40,54,52,55,39,38,66,47,55,30,28,15,5,3,0,3803,125,139,165,193,237,195,224,279,273,256,257,229,272,241,229,217,148,88,29,6,1,1888,60,65,80,109,112,121,116,156,145,121,137,120,136,110,102,97,51,39,10,1,0,1915,65,74,85,84,125,74,108,123,128,135,120,109,136,131,127,120,97,49,19,5,1,3722,192,197,225,221,176,200,259,282,329,260,195,179,247,181,195,164,120,70,23,6,1,1825,102,91,123,114,97,106,124,137,170,130,101,91,114,86,81,71,54,25,5,2,1,1897,90,106,102,107,79,94,135,145,159,130,94,88,133,95,114,93,66,45,18,4,0,2174,49,83,127,122,123,108,86,129,182,153,117,119,153,128,162,128,121,56,22,6,0,1022,27,46,65,56,64,58,46,64,85,72,58,57,76,53,65,63,45,16,6,0,0,1152,22,37,62,66,59,50,40,65,97,81,59,62,77,75,97,65,76,40,16,6,0,1607,39,48,72,69,116,124,86,114,120,110,103,78,112,98,111,71,62,43,24,6,1,784,25,25,37,35,57,59,49,59,59,57,54,41,50,52,47,30,27,12,9,0,0,823,14,23,35,34,59,65,37,55,61,53,49,37,62,46,64,41,35,31,15,6,1,1750,79,85,80,137,103,69,103,142,151,135,118,99,97,68,65,77,87,47,7,1,0,860,44,46,44,65,53,40,53,75,72,67,57,52,49,29,28,33,33,20,0,0,0,890,35,39,36,72,50,29,50,67,79,68,61,47,48,39,37,44,54,27,7,1,0,673,59,64,54,35,36,18,38,84,100,58,45,33,18,14,7,6,3,1,0,0,0,341,34,29,22,20,24,10,18,38,52,30,22,18,12,6,2,2,2,0,0,0,0,332,25,35,32,15,12,8,20,46,48,28,23,15,6,8,5,4,1,1,0,0,0,2306,94,74,70,85,162,251,222,216,221,170,163,117,131,95,74,56,54,33,15,2,1,1217,42,44,39,46,94,149,120,123,105,95,92,65,71,41,37,13,23,14,4,0,0,1089,52,30,31,39,68,102,102,93,116,75,71,52,60,54,37,43,31,19,11,2,1,2347,115,89,75,67,130,197,248,232,247,172,157,124,143,97,84,92,47,22,5,4,0,1179,57,46,43,28,64,88,131,122,129,95,86,66,79,35,36,44,21,7,1,1,0,1168,58,43,32,39,66,109,117,110,118,77,71,58,64,62,48,48,26,15,4,3,0,1396,74,59,85,77,97,113,113,135,136,102,86,70,62,58,49,43,15,16,4,2,0,756,46,28,38,49,62,68,59,77,77,55,47,42,31,20,22,18,8,7,2,0,0,640,28,31,47,28,35,45,54,58,59,47,39,28,31,38,27,25,7,9,2,2,0,2371,118,75,75,84,128,239,247,238,203,148,161,125,120,105,84,77,58,42,34,7,3,1180,60,33,39,46,66,103,127,134,113,78,81,74,61,53,40,27,23,10,10,2,0,1191,58,42,36,38,62,136,120,104,90,70,80,51,59,52,44,50